title,price,link_item,index,discount,sales,category
"Áo Khoác Da Nam, Áo Khoác Da Lót Dù Siêu Ấm Mùa Thu Đông Cao Cấp Thời Trang Dokafashion DokaFashion EDD08",299.000₫,https://tiki.vn/ao-khoac-da-nam-ao-khoac-da-lot-du-sieu-am-mua-thu-dong-cao-cap-thoi-trang-dokafashion-ezad08-p272270737.html?spid=272270741,1,-47%,,aovest
Áo khoác gió nam nữ bóng tối black phong cách hip hop,377.000₫,https://tiki.vn/ao-khoac-gio-nam-nu-bong-toi-black-phong-cach-hip-hop-p149642832.html?spid=149642891,2,-30%,,aovest
Áo Khoác Việt Tiến Phom mới 6Q5006 Áo Jacket nam Áo khoác 2 lớp Viettien,650.000₫,https://tiki.vn/ao-khoac-viet-tien-phom-moi-6q5006-ao-jacket-nam-ao-khoac-2-lop-viettien-p190490081.html?spid=190490087,3,-35%,Đã bán 4,aovest
Áo Kangol Jacket 6321142111,840.000₫,https://tiki.vn/ao-kangol-jacket-6321142111-p253614891.html?spid=253614895,4,-50%,,aovest
Áo điều hòa làm mát theo công nghệ Nhật bản - Bảo hành 1 năm,892.500₫,https://tiki.vn/ao-dieu-hoa-lam-mat-theo-cong-nghe-nhat-ban-bao-hanh-1-nam-p170274992.html?spid=170274998,5,-40%,,aovest
Áo khoác nam lót lông AN183,250.000₫,https://tiki.vn/ao-khoac-nam-lot-long-an183-p19807354.html?spid=19897873,6,-35%,Đã bán 8,aovest
"Áo Khoác Đi Nắng, Chống Nắng Có Mũ Cho Nam CN11-Cotton Thoát Mồ Hôi - Đen - XL",85.000₫,https://tiki.vn/ao-khoac-di-nang-chong-nang-co-mu-cho-nam-cn11-cotton-thoat-mo-hoi-den-xl-p53824470.html?spid=83196554,7,-40%,Đã bán 4,aovest
Áo Khoác Dù Nam Nữ 2 Lớp Họa Tiết 3D Chống Nắng Chống Tia UV,128.900₫,https://tiki.vn/ao-khoac-du-nam-nu-2-lop-hoa-tiet-3d-chong-nang-chong-tia-uv-p55961389.html?spid=57400402,8,-52%,Đã bán 59,aovest
Bộ vest nam body kiểu viền đen đơn giản phong cách,1.300.000₫,https://tiki.vn/product-p77604002.html?spid=77604024,9,-46%,,aovest
Áo Khoác kaki nam giả vest,189.000₫,https://tiki.vn/ao-khoac-kaki-nam-gia-vest-p23452667.html?spid=23452677,10,-42%,Đã bán 15,aovest
"Áo Gile, Áo Gile kiểu dáng vest nam sang trọng lịch lãm, thời trang hàng thiết kế cao cấp N47",292.500₫,https://tiki.vn/ao-gile-ao-gile-kieu-dang-vest-nam-sang-trong-lich-lam-thoi-trang-hang-thiet-ke-cao-cap-n47-p186534118.html?spid=186534128,11,-20%,Đã bán 1,aovest
Bộ Vest Nam Body - Màu Đen (áo vest + quần + cà vạt nơ),650.000₫,https://tiki.vn/product-p77601492.html?spid=77601494,12,-46%,,aovest
Áo dạ nam ngắn cổ đức kéo séc cao cấp NAD103,2.350.000₫,https://tiki.vn/ao-da-nam-ngan-co-duc-keo-sec-cao-cap-nad103-p207184596.html?spid=207184604,13,,,aovest
Áo Khoác Jean Trơn Nam Muidoi A85 - Xanh Lam (Size,256.000₫,https://tiki.vn/ao-khoac-jean-tron-nam-muidoi-a85-xanh-lam-p2146405.html?spid=2155033,14,,Đã bán 67,aovest
Áo khoác nam dáng dài Sans05 blazer kẻ caro rộng măng tô dạ hàn quốc choàng ngoài big size to lớn 3xl 4xl 90kg 100kg,799.999₫,https://tiki.vn/ao-khoac-nam-dang-dai-sans05-blazer-ke-caro-rong-mang-to-da-han-quoc-choang-ngoai-big-size-to-lon-3xl-4xl-90kg-100kg-p201853386.html?spid=201853408,15,,Đã bán 4,aovest
áo Khoác nỉ This xanh rêu unisex ảnh thật SSSTore ( nam nữ mặc đều được),117.000₫,https://tiki.vn/ao-khoac-ni-this-xanh-reu-unisex-anh-that-ssstore-nam-nu-mac-deu-duoc-p151842137.html?spid=180044525,16,,Đã bán 1,aovest
Áo khoác dạ nam dáng dài mũ rộng,420.000₫,https://tiki.vn/ao-khoac-da-nam-dang-dai-mu-rong-p69688547.html?spid=69688549,17,,Đã bán 10,aovest
"Áo phao nam lông vũ siêu nhẹ, áo giữ nhiệt, cản mưa cản gió thời trang nam - MV8",598.000₫,https://tiki.vn/ao-phao-nam-long-vu-sieu-nhe-ao-giu-nhiet-can-mua-can-gio-thoi-trang-nam-mv8-p201062266.html?spid=205069645,18,,,aovest
ÁO KHOÁC PHAO NAM PHỐI NÓN TRẦN LÔNG VŨ BA LỚP THỜI TRANG PT09,150.000₫,https://tiki.vn/ao-khoac-phao-nam-phoi-non-tran-long-vu-ba-lop-thoi-trang-pt09-p114335453.html?spid=115205706,19,,Đã bán 4,aovest
"Áo chống nắng nam nữ thông hơi làm mát, chống tia UV cao cấp",132.000₫,https://tiki.vn/ao-chong-nang-nam-nu-thong-hoi-lam-mat-chong-tia-uv-cao-cap-p23379688.html?spid=23379721,20,,Đã bán 28,aovest
Áo Khoác Dù Nam Cao Cấp STYLE Hàn Quốc,189.000₫,https://tiki.vn/ao-khoac-du-nam-cao-cap-style-han-quoc-p117583764.html?spid=117583837,21,,Đã bán 76,aovest
Áo khoác phao nam A1347,350.000₫,https://tiki.vn/ao-khoac-phao-nam-a1347-p72666542.html?spid=125447090,22,,,aovest
"Áo Vest Nam, áo vest dáng ôm chất nỉ dày dặn phong cách Hàn quốc trẻ trung thời thượng H52",335.000₫,https://tiki.vn/ao-vest-nam-ao-vest-dang-om-chat-ni-day-dan-phong-cach-han-quoc-tre-trung-thoi-thuong-h52-p263277209.html?spid=263277221,23,,,aovest
"Áo khoác áo chống nắng nam, chất vải umi mịn dập vân nổi 2021",104.000₫,https://tiki.vn/ao-khoac-ao-chong-nang-nam-chat-vai-umi-min-dap-van-noi-2021-p108418285.html?spid=161215960,24,,Đã bán 12,aovest
"Áo Khoác Dù Nam KATUSCO 2 Lớp Có Mũ Chống Nắng A2015, 3 Túi Khóa, Kiểu Dáng Trẻ Trung, Phom Regular",320.000₫,https://tiki.vn/ao-khoac-nam-vai-du-co-non-lien-than-katusco-d2015-size-48-75kg-p91513526.html?spid=91513528,25,,Đã bán 35,aovest
ÁO KHOÁC BOMBER NAM BÓNG CHÀY PHONG CÁCH HÀN QUỐC TM GIÁ RẺ,97.000₫,https://tiki.vn/ao-khoac-bomber-nam-bong-chay-phong-cach-han-quoc-tm-gia-re-p175991083.html?spid=198872406,26,,Đã bán 1,aovest
Bộ vest nam body chất vải mềm mịn (áo vest quần cà vạt nơ),648.700₫,https://tiki.vn/product-p77602500.html?spid=77602564,27,,,aovest
"Áo khoác nam nữ, chất thun Poli 2 lớp, tay phối da cao cấp thương hiệu Chandi, mẫu mới CDN1",179.000₫,https://tiki.vn/ao-khoac-nam-nu-chat-thun-poli-2-lop-tay-phoi-da-cao-cap-thuong-hieu-chandi-mau-moi-cdn1-p273380109.html?spid=273380119,28,,,aovest
Áo khoác dạ nam cao cấp phong cách thượng lưu quý ông lịch lãm NAD57,4.250.000₫,https://tiki.vn/ao-khoac-da-nam-cao-cap-phong-cach-thuong-luu-quy-ong-lich-lam-nad57-p34702546.html?spid=34703247,29,,Đã bán 6,aovest
Áo khoác nam công sở cao cấp phong cách Hàn Quốc mã 21033,967.000₫,https://tiki.vn/ao-khoac-nam-cong-so-cao-cap-phong-cach-han-quoc-ma-21033-p201057899.html?spid=205081481,30,,,aovest
Áo vest nam cổ tàu màu đen cực chất VCT0003 - DUKI STORE,813.000₫,https://tiki.vn/ao-vest-nam-co-tau-mau-den-cuc-chat-vct0003-duki-store-p272916981.html?spid=272916987,31,,,aovest
"Áo Khoác Da Nam, Áo Khoác Da Cổ Vest Siêu Ấm Mùa Thu Đông Cao Cấp Thời Trang DokaFashion EDD33",309.000₫,https://tiki.vn/ao-khoac-da-nam-co-be-chong-gio-lanh-mua-thu-dong-phoi-khoa-dong-ezn05-p203147802.html?spid=203147808,32,,Đã bán 10,aovest
Áo khoác phao lông vũ siêu nhẹ nam nữ thời trang JBaggy siêu nhẹ có mũ giữ ấm chống thấm nước,218.000₫,https://tiki.vn/ao-khoac-phao-long-vu-sieu-nhe-nam-nu-thoi-trang-jbaggy-sieu-nhe-co-mu-giu-am-chong-tham-nuoc-p148023260.html?spid=151456542,33,,Đã bán 3,aovest
Áo khoác da nam lót lông thời trang cao cấp PS30,319.000₫,https://tiki.vn/ao-khoac-da-nam-lot-long-thoi-trang-cao-cap-ps30-p197605382.html?spid=197605386,34,,,aovest
Áo khoác măng tô nam trung niên NMT01,820.000₫,https://tiki.vn/ao-khoac-mang-to-nam-trung-nien-nmt01-p34706276.html?spid=34706280,35,,Đã bán 11,aovest
Áo Khoác Jean Nam Rách Dày Dặn,225.000₫,https://tiki.vn/ao-khoac-jean-nam-rach-day-dan-p33347454.html?spid=49373216,36,,Đã bán 7,aovest
Áo Khoác Bomber UNDER Player Culture Varsity Jacket - UJK002,350.000₫,https://tiki.vn/ao-khoac-bomber-under-player-culture-varsity-jacket-ujk002-p181915988.html?spid=181916001,37,,,aovest
Áo Jacket nam 2 lớp cổ trụ Novelty Casual caro lớn xanh dương NJKMCLMT3B2305252,703.200₫,https://tiki.vn/ao-jacket-nam-2-lop-co-tru-novelty-casual-caro-lon-xanh-duong-njkmclmt3b2305252-p273127508.html?spid=273127512,38,,,aovest
"Áo Khoác Da Nam, Áo Khoác Da Lót Lông Cổ Trụ Siêu Ấm Mùa Thu Đông Cao Cấp Thời Trang DokaFashion ELD06",299.000₫,https://tiki.vn/ao-khoac-da-nam-lot-long-co-dung-chong-gio-lanh-mua-thu-dong-phoi-khoa-dong-ezn04-p203147391.html?spid=203147401,39,,Đã bán 4,aovest
Áo Khoác Kaki Chống Nước Quechua Nhiều Túi Tiện Lợi - Màu Đất,580.000₫,https://tiki.vn/ao-khoac-kaki-chong-nuoc-quechua-nhieu-tui-tien-loi-mau-dat-p32381303.html?spid=32381311,40,,,aovest
