title,price,link_item,index,discount,sales,category
"[MUA 1 TẶNG 1] ÁO COUPLE THỂ THAO NAM NỮ VNANAVT06 VINA AUTHENTIC CAO CẤP, THẤM HÚT MỒ HÔI, MỀM MẠI, CO GIẢN, CHUẨN THƯƠNG HIỆU",340.000₫,https://tiki.vn/mua-1-tang-1-ao-couple-the-thao-nam-nu-vnanavt06-vina-authentic-cao-cap-tham-hut-mo-hoi-mem-mai-co-gian-chuan-thuong-hieu-p153858645.html?spid=153858665,1,-5%,,dodoi
"[XẢ KHO CẮT MÃ GIẢM TỚI 50%] ÁO ĐÔI THỂ THAO NAM NỮ CPVNAVT14 VINA AUTHENTIC CHẤT LƯỢNG CAO CẤP, MỀM MẠI, THẤM HÚT MỒ HÔI, HỢP THỜI TRANG",199.000₫,https://tiki.vn/ao-doi-the-thao-nam-nu-cpvnavt14-vina-authentic-chat-luong-cao-cap-mem-mai-tham-hut-mo-hoi-hop-thoi-trang-p144532559.html?spid=144532587,2,,,dodoi
"[MUA 1 TẶNG 1] ÁO COUPLE THỂ THAO NAM NỮ VNANAVT04 VINA AUTHENTIC CAO CẤP, CO GIẢN, THẤM HÚT MỒ HÔI, HỢP THỜI TRANG, CHUẨN THƯƠNG HIỆU",294.000₫,https://tiki.vn/mua-1-tang-1-ao-couple-the-thao-nam-nu-vnanavt04-vina-authentic-cao-cap-co-gian-tham-hut-mo-hoi-hop-thoi-trang-chuan-thuong-hieu-p153825138.html?spid=153825170,3,,,dodoi
Áo nhóm.gia đinh hình chú chó cưng,52.250₫,https://tiki.vn/ao-nhom-gia-dinh-hinh-chu-cho-cung-p121646897.html?spid=121646943,4,,,dodoi
,,https://tiki.vn/ao-gia-dinh-co-co-do-gia-dinh-p207327999.html?spid=207328137,5,,,dodoi
Bộ Áo Thun Đôi Nam Nữ Màu Đen A904,269.000₫,https://tiki.vn/bo-ao-thun-doi-nam-nu-mau-den-a904-p21319111.html?spid=21319181,6,,Đã bán 1,dodoi
Bộ Áo Thun Đôi Nam Nữ Màu Vàng A11368,159.000₫,https://tiki.vn/bo-ao-thun-doi-nam-nu-mau-vang-a11368-p13682342.html?spid=13682414,7,,,dodoi
Bộ Áo Thun Đôi Nam Nữ Màu Vàng A11333,159.000₫,https://tiki.vn/bo-ao-thun-doi-nam-nu-mau-vang-a11333-p13679602.html?spid=13679621,8,,,dodoi
Bộ Áo Thun Đôi Nam Nữ Màu Vàng A11369,159.000₫,https://tiki.vn/bo-ao-thun-doi-nam-nu-mau-vang-a11369-p13681901.html?spid=13681963,9,,,dodoi
,,https://tiki.vn/bo-ao-thun-doi-nam-nu-mau-vang-a11352-p13682047.html?spid=13682117,10,,,dodoi
Bộ Áo Thun Đôi Nam Nữ Màu Vàng A11327,159.000₫,https://tiki.vn/bo-ao-thun-doi-nam-nu-mau-vang-a11327-p13682120.html?spid=13682138,11,,,dodoi
Bộ Áo Thun Đôi Nam Nữ Màu Vàng A11367,159.000₫,https://tiki.vn/bo-ao-thun-doi-nam-nu-mau-vang-a11367-p13684233.html?spid=13684239,12,,,dodoi
,,https://tiki.vn/bo-ao-thun-doi-nam-nu-mau-vang-a11365-p13684506.html?spid=13684516,13,,,dodoi
Bộ Áo Thun Đôi Nam Nữ Màu Vàng A11322,159.000₫,https://tiki.vn/bo-ao-thun-doi-nam-nu-mau-vang-a11322-p13679196.html?spid=13679202,14,,,dodoi
Bộ Áo Thun Đôi Nam Nữ Màu Vàng A11314,159.000₫,https://tiki.vn/bo-ao-thun-doi-nam-nu-mau-vang-a11314-p13680676.html?spid=13680730,15,,,dodoi
Bộ Áo Thun Đôi Nam Nữ Màu Vàng A11356 - S,159.000₫,https://tiki.vn/bo-ao-thun-doi-nam-nu-mau-vang-a11356-p13680311.html?spid=13680313,16,,,dodoi
Bộ Áo Thun Đôi Nam Nữ Màu Vàng A11316,159.000₫,https://tiki.vn/bo-ao-thun-doi-nam-nu-mau-vang-a11316-p13679596.html?spid=13679664,17,,,dodoi
,,https://tiki.vn/bo-ao-thun-doi-nam-nu-mau-vang-a11328-p13680749.html?spid=13680873,18,,,dodoi
Bộ Áo Thun Đôi Nam Nữ Màu Vàng A11370,159.000₫,https://tiki.vn/bo-ao-thun-doi-nam-nu-mau-vang-a11370-p13680810.html?spid=13680874,19,,,dodoi
Bộ Áo Thun Đôi Nam Nữ Màu Vàng A513,159.000₫,https://tiki.vn/bo-ao-thun-doi-nam-nu-mau-vang-a513-p14388849.html?spid=14388907,20,,,dodoi
Bộ Áo Thun Đôi Nam Nữ Màu Vàng A502 - L,159.000₫,https://tiki.vn/bo-ao-thun-doi-nam-nu-mau-vang-a502-p14389187.html?spid=14389240,21,,,dodoi
Bộ Áo Thun Đôi Nam Nữ Màu Vàng A503 - XL,159.000₫,https://tiki.vn/bo-ao-thun-doi-nam-nu-mau-vang-a503-p14388822.html?spid=14388909,22,,,dodoi
Bộ Áo Thun Đôi Nam Nữ Màu Vàng A585,159.000₫,https://tiki.vn/bo-ao-thun-doi-nam-nu-mau-vang-a585-p14393641.html?spid=14393681,23,,,dodoi
Bộ Áo Thun Đôi Nam Nữ Màu Vàng A530 - M,159.000₫,https://tiki.vn/bo-ao-thun-doi-nam-nu-mau-vang-a530-p14390793.html?spid=14390809,24,,,dodoi
Bộ Áo Thun Đôi Nam Nữ Màu Vàng A586,159.000₫,https://tiki.vn/bo-ao-thun-doi-nam-nu-mau-vang-a586-p14393714.html?spid=14393780,25,,,dodoi
,,https://tiki.vn/bo-ao-thun-doi-nam-nu-mau-vang-a567-p14392984.html?spid=14392988,26,,,dodoi
Bộ Áo Thun Đôi Nam Nữ Màu Vàng A593 - XL,159.000₫,https://tiki.vn/bo-ao-thun-doi-nam-nu-mau-vang-a593-p14394446.html?spid=14394490,27,,,dodoi
Bộ Áo Thun Đôi Nam Nữ Màu Vàng A583,159.000₫,https://tiki.vn/bo-ao-thun-doi-nam-nu-mau-vang-a583-p14395249.html?spid=14395261,28,,,dodoi
Bộ Áo Thun Đôi Nam Nữ Màu Vàng A604 - XL,159.000₫,https://tiki.vn/bo-ao-thun-doi-nam-nu-mau-vang-a604-p14394227.html?spid=14394271,29,,,dodoi
Bộ Áo Thun Đôi Nam Nữ Màu Vàng A573,159.000₫,https://tiki.vn/bo-ao-thun-doi-nam-nu-mau-vang-a573-p14396056.html?spid=14396074,30,,,dodoi
,,https://tiki.vn/bo-ao-thun-doi-nam-nu-mau-vang-a595-p14395176.html?spid=14395184,31,,,dodoi
Bộ Áo Thun Đôi Nam Nữ A877 - XXL,159.000₫,https://tiki.vn/bo-ao-thun-doi-nam-nu-a877-p15551450.html?spid=15551508,32,,,dodoi
Bộ Áo Thun Đôi Nam Nữ A829 - XL,159.000₫,https://tiki.vn/bo-ao-thun-doi-nam-nu-a829-p15550428.html?spid=15550476,33,,,dodoi
Bộ Áo Thun Đôi Nam Nữ A821,159.000₫,https://tiki.vn/bo-ao-thun-doi-nam-nu-a821-p15551304.html?spid=15551370,34,,,dodoi
Bộ Áo Thun Đôi Nam Nữ A804 - XL,159.000₫,https://tiki.vn/bo-ao-thun-doi-nam-nu-a804-p15548388.html?spid=15548436,35,,,dodoi
,,https://tiki.vn/bo-ao-thun-doi-nam-nu-a842-p15552548.html?spid=15552580,36,,,dodoi
Bộ Áo Thun Đôi Nam Nữ A817,159.000₫,https://tiki.vn/bo-ao-thun-doi-nam-nu-a817-p15549990.html?spid=15550060,37,,,dodoi
Bộ Áo Thun Đôi Nam Nữ A878 - L,159.000₫,https://tiki.vn/bo-ao-thun-doi-nam-nu-a878-p15552621.html?spid=15552653,38,,,dodoi
Bộ Áo Thun Đôi Nam Nữ A813,159.000₫,https://tiki.vn/bo-ao-thun-doi-nam-nu-a813-p15551523.html?spid=15551565,39,,,dodoi
Bộ Áo Thun Đôi Nam Nữ A886,159.000₫,https://tiki.vn/bo-ao-thun-doi-nam-nu-a886-p15554595.html?spid=15554635,40,,,dodoi
