title,price,link_item,index,discount,sales,category
Sữa bột Bellamy's Organic số 1 - Infant Formula 900g,1.070.000₫,https://tiki.vn/sua-bot-bellamy-s-organic-so-1-infant-formula-900g-p111858405.html?spid=111858407,1,-10%,Đã bán 14,dinhduongchobe
"Sữa uống dinh dưỡng Oggi Gold 110ml giúp bé tăng cân nhanh, ngừa táo bón - VitaDairy",33.380₫,https://tiki.vn/sua-uong-dinh-duong-oggi-gold-110ml-giup-be-tang-can-nhanh-ngua-tao-bon-vitadairy-p263681115.html?spid=263681117,2,-12%,Đã bán 1,dinhduongchobe
Thùng 48 Hộp Sữa Bột Pha Sẵn Vinamilk Optimum Gold 180ml,595.000₫,https://tiki.vn/thung-48-hop-sua-bot-pha-san-vinamilk-optimum-gold-180ml-p15356110.html?spid=149965980,3,-58%,Đã bán 66,dinhduongchobe
Combo tăng chiều cao 1 Dimao (Vitamin D3 400IU dạng xịt) + 1 Keovon (Vitamin K2 – MK7 dạng xịt),585.000₫,https://tiki.vn/combo-tang-chieu-cao-1-dimao-vitamin-d3-400iu-dang-xit-1-keovon-vitamin-k2-mk7-dang-xit-p37037753.html?spid=37037754,4,-10%,Đã bán 489,dinhduongchobe
"Dầu Cá Hồi Cho Bé Ăn Dặm Omega King Kiddy - 6 tháng tuổi trở lên - Giàu DHA, EPA, ALA giúp bé phát triển trí não, thị lực và thể chấtgiúp bé thông minh",65.000₫,https://tiki.vn/dau-ca-hoi-cho-be-an-dam-omega-king-kiddy-6-thang-tuoi-tro-len-chai-100ml-p263303200.html?spid=263303204,5,-6%,Đã bán 1,dinhduongchobe
Sữa Bột Friso Gold 1 400g,313.893₫,https://tiki.vn/sua-bot-friso-gold-1-400g-p598145.html?spid=37456446,6,-5%,Đã bán 53,dinhduongchobe
"Calcium D3 MK7 bổ sung canxi cho bà bầu, bổ sung canxi và vitamin D3 (Hộp 100 Viên)",122.000₫,https://tiki.vn/calcium-d3-mk7-bo-sung-canxi-cho-ba-bau-bo-sung-canxi-va-vitamin-d3-hop-100-vien-p207717732.html?spid=207717733,7,-54%,Đã bán 3,dinhduongchobe
[QUÀ TẶNG SET DÊ BÔNG] COMBO 2 Sữa dê Kabrita số 1 cho trẻ- Lon 800g,1.760.000₫,https://tiki.vn/qua-tang-set-de-bong-combo-2-sua-de-kabrita-so-1-cho-tre-lon-800g-p272391539.html?spid=272391540,8,-2%,,dinhduongchobe
"Sữa bột OGGI Canxi 900g giúp hệ xương chắc khỏe, phòng chống loãng xương - VitaDairy",270.346₫,https://tiki.vn/oggi-canxi-900g-p235740829.html?spid=235740830,9,-39%,Đã bán 2,dinhduongchobe
[Mua 11 lốc tặng 1] Sữa nước Nutricare Smarta Grow vị trái cây nhiệt đới (180ml),319.660₫,https://tiki.vn/mua-11-loc-tang-1-sua-nuoc-nutricare-smarta-grow-vi-trai-cay-nhiet-doi-180ml-p253236877.html?spid=253236878,10,,,dinhduongchobe
COMBO 2 HỘP SỮA BỘT DIELAC GROW PLUS 2+ 900G (CHO TRẺ TỪ 2 - 10 TUỔI),725.000₫,https://tiki.vn/combo-2-hop-sua-bot-dielac-grow-plus-2-900g-cho-tre-tu-2-10-tuoi-p46205373.html?spid=54356242,11,,Đã bán 5,dinhduongchobe
"Vitamin tổng hợp cho bé Healthy Care Gummy Multivitamin Úc Bổ sung vitamin và khoáng chất giúp con phát triển toàn diện và duy trì sức khỏe tốt, ăn ngon, ngủ ngon - QuaTangMe Extaste",402.000₫,https://tiki.vn/healthy-care-kids-gummy-multivitamin-250v-cua-uc-keo-deo-bo-sung-vitamin-cho-be-p270693638.html?spid=116841133,12,,Đã bán 161,dinhduongchobe
Bánh gạo hữu cơ Bebedang hình que dài,64.500₫,https://tiki.vn/banh-gao-huu-co-bebedang-hinh-que-dai-p212604318.html?spid=212604320,13,,Đã bán 9,dinhduongchobe
"Sữa uống dinh dưỡng Oggi Gold 180ml giúp bé tăng cân nhanh, ngừa táo bón - VitaDairy",47.128₫,https://tiki.vn/sua-uong-dinh-duong-oggi-gold-180ml-giup-be-tang-can-nhanh-ngua-tao-bon-vitadairy-p263681270.html?spid=263681272,14,,Đã bán 8,dinhduongchobe
Combo Sữa bột công thức HiPP 3 Organic Combiotic dạng gói (24g/ gói) - Hỗ trợ tiêu hóa và tăng chiều cao,235.000₫,https://tiki.vn/combo-sua-bot-cong-thuc-hipp-3-organic-combiotic-dang-goi-24g-goi-ho-tro-tieu-hoa-va-tang-chieu-cao-p185028155.html?spid=194465459,15,,Đã bán 156,dinhduongchobe
"Sữa bột Vitadairy Oggi Gold 900G – Dinh dưỡng cho trẻ nhẹ cân, thấp còi",369.000₫,https://tiki.vn/sua-bot-vitadairy-oggi-gold-900g-dinh-duong-cho-tre-nhe-can-thap-coi-p188837071.html?spid=188837072,16,,Đã bán 8,dinhduongchobe
Sữa bột Similac Total Comfort 1+ HMO (820g),689.000₫,https://tiki.vn/sua-bot-similac-total-comfort-1-hmo-820g-p76774353.html?spid=76774354,17,,Đã bán 24,dinhduongchobe
Sữa Non Non ILDong Foodis CHOYUMEAL Plus: Số 1 - 100gr (Hàn Quốc),249.850₫,https://tiki.vn/sua-non-non-ildong-foodis-choyumeal-plus-so-1-100gr-han-quoc-p42023052.html?spid=59555250,18,,Đã bán 108,dinhduongchobe
"Canxi cho bé từ 7 tháng tuổi và Vitamin D Brauer Baby & Kids Liquid Milk Calcium giúp tăng chiều cao, xương và răng chắc khỏe - QuaTangMe Extaste",446.000₫,https://tiki.vn/canxi-dang-sua-va-vitamin-d-brauer-baby-kids-liquid-milk-calcium-cho-be-tu-7-thang-tuoi-200ml-p270880236.html?spid=23372098,19,,Đã bán 73,dinhduongchobe
Combo dầu húng chanh Minion Plus Dr.maya 30ml bản mới + Sáp ấm Minion Dr.maya 20gram,210.000₫,https://tiki.vn/combo-dau-hung-chanh-minion-plus-dr-maya-30ml-ban-moi-sap-am-minion-dr-maya-20gram-p249149767.html?spid=249149773,20,,Đã bán 1,dinhduongchobe
Sữa Bột Abbott Similac Neosure IQ SNVS (370g),285.000₫,https://tiki.vn/sua-bot-abbott-similac-neosure-iq-snvs-370g-p435725.html?spid=68200346,21,,Đã bán 2,dinhduongchobe
Sữa Bột Vinamilk Dielac Optimum Gold Step 4 (850g),360.000₫,https://tiki.vn/sua-bot-vinamilk-dielac-optimum-gold-step-4-850g-p210273983.html?spid=210273984,22,,,dinhduongchobe
COMBO 03 Hộp Sữa Bột GROW PLUS(mẫu mới) Date 2024 loại 900g,1.185.000₫,https://tiki.vn/combo-03-hop-sua-bot-grow-plus-mau-moi-date-2023-loai-900g-p126976293.html?spid=126976294,23,,Đã bán 10,dinhduongchobe
"Nordic Naturals Children's DHA Gummies 30 viên kẹo dẻo, Hỗ trợ phát triển trí não và chức năng hệ miễn dịch - Hàng Chính Hãng",849.000₫,https://tiki.vn/nordic-naturals-children-s-dha-gummies-30-vien-keo-deo-ho-tro-phat-trien-tri-nao-va-chuc-nang-he-tieu-hoa-hang-chinh-hang-p271121902.html?spid=271791943,24,,,dinhduongchobe
Canxi cá tuyết 140g Fine Japan và GH Creation tăng chiều cao - Tặng túi zip 5 kẹo mật ong Senjaku - Nội địa Nhật Bản,806.540₫,https://tiki.vn/canxi-ca-tuyet-140g-fine-japan-va-gh-creation-tang-chieu-cao-tang-tui-zip-5-keo-mat-ong-senjaku-noi-dia-nhat-ban-p54346490.html?spid=272895052,25,,,dinhduongchobe
Sữa Bột Vitadairy COLOSBABY BIO GOLD 0+ 800g,515.000₫,https://tiki.vn/sua-bot-vitadairy-colosbaby-bio-gold-0-800g-p70340833.html?spid=84202210,26,,Đã bán 12,dinhduongchobe
HỘP SỮA BỘT VINAMILK DIELAC GROW 2+ 900G (CHO TRẺ TỪ 2 - 10 TUỔI),290.000₫,https://tiki.vn/hop-sua-bot-vinamilk-dielac-grow-2-900g-cho-tre-tu-2-10-tuoi-p22783546.html?spid=53631887,27,,Đã bán 48,dinhduongchobe
"Thạch ăn ngon Ích Nhi hộp 21 túi x30 gr, bổ sung Lysine, Taurin tăng cường chuyển hóa, hấp thu tối đa dinh dưỡng",110.000₫,https://tiki.vn/thach-an-ngon-ich-nhi-hop-21-tui-x30-gr-bo-sung-lysine-taurin-tang-cuong-chuyen-hoa-hap-thu-toi-da-dinh-duong-p271152346.html?spid=271152347,28,,Đã bán 2,dinhduongchobe
Pate cột đèn Hạ Long - 150g,23.000₫,https://tiki.vn/pate-cot-den-ha-long-150g-p205856695.html?spid=205856697,29,,Đã bán 5,dinhduongchobe
Siro ăn ngon ngủ ngon cho bé Pediababy Kid tăng kích thích tiêu hóa giúp trẻ khỏe mạnh hộp 20 ống x 10ml,54.000₫,https://tiki.vn/siro-an-ngon-ngu-ngon-cho-be-pediababy-kid-tang-kich-thich-tieu-hoa-giup-tre-khoe-manh-hop-20-ong-x-10ml-p268737280.html?spid=268737281,30,,,dinhduongchobe
Sữa Bột Vinamilk Optimum Gold 1 Dành Cho Bé Từ 0-6 Tháng Tuổi - Hộp Thiếc 400g,275.000₫,https://tiki.vn/sua-bot-vinamilk-optimum-gold-1-danh-cho-be-tu-0-6-thang-tuoi-hop-thiec-400g-p7723139.html?spid=53585314,31,,Đã bán 7,dinhduongchobe
Sữa Nan Nga số 4 800g (Trên 18 tháng),480.000₫,https://tiki.vn/sua-nan-nga-so-4-800g-tren-18-thang-p23879045.html?spid=35329171,32,,,dinhduongchobe
"Sữa bột UC2 Platinum Optimum 0+ 800g - Bổ sung bột yến sào và sữa non 24h (giúp bé phát triển toàn diện, dành cho trẻ từ 0-12 tháng tuổi)",478.000₫,https://tiki.vn/sua-bot-uc2-platinum-optimum-0-800g-bo-sung-bot-yen-sao-va-sua-non-24h-giup-be-phat-trien-toan-dien-danh-cho-tre-tu-0-12-thang-tuoi-p174849319.html?spid=174849320,33,,Đã bán 51,dinhduongchobe
[Mua 11 lốc tặng 1] Sữa nước Nutricare Smarta Grow vị dâu (180ml),319.660₫,https://tiki.vn/sua-nuoc-nutricare-smarta-grow-vi-dau-180ml-p199198271.html?spid=199198272,34,,Đã bán 3,dinhduongchobe
"Nordic Naturals Children's Eye Health Gummies - Kẹo dẻo Omega3, DHA tăng cường thị lực cho trẻ em, vị trái cây tự nhiên, hộp 30 viên - Hàng Chính Hãng",1.119.000₫,https://tiki.vn/nordic-naturals-children-s-eye-health-gummies-keo-deo-omega3-dha-tang-cuong-thi-luc-cho-tre-em-vi-trai-cay-tu-nhien-hop-30-vien-hang-chinh-hang-p271123082.html?spid=271792165,35,,,dinhduongchobe
Sữa AwaRua A2 Organic tách kem New Zealand hộp 850g,930.000₫,https://tiki.vn/sua-awarua-a2-organic-tach-kem-new-zealand-hop-850g-p272013221.html?spid=272013224,36,,Đã bán 1,dinhduongchobe
Combo 2 lon sữa Dê DG2 800gr Tặng 1 hộp Viên Sữa Dê DKids,1.378.000₫,https://tiki.vn/combo-2-lon-sua-de-dg2-800gr-p131568105.html?spid=131568106,37,,Đã bán 4,dinhduongchobe
Sữa Bột Vitadairy ColosBaby 2+ (800g),370.000₫,https://tiki.vn/sua-bot-vitadairy-colosbaby-2-800g-p37033145.html?spid=37033146,38,,Đã bán 72,dinhduongchobe
"Sữa Colos Opti 1+ lon 800g - Tiêu hoá tốt, Hô hấp khoẻ, Dành cho bé từ 1 tuổi trở lên của VitaDairy",349.000₫,https://tiki.vn/sua-colos-opti-1-lon-800g-tieu-hoa-tot-ho-hap-khoe-danh-cho-be-tu-1-tuoi-tro-len-cua-vitadairy-p181259363.html?spid=181259364,39,,Đã bán 12,dinhduongchobe
2 hộp sữa Morinaga Chilmil số 2 (850g) Tặng ngay 1 Balo cho bé,820.000₫,https://tiki.vn/2-hop-sua-morinaga-chilmil-so-2-850g-tang-ngay-1-balo-cho-be-p22431433.html?spid=177207824,40,,Đã bán 14,dinhduongchobe
