title,price,link_item,index,discount,sales,brand
Áo khoác Nỉ Bomber Chữ R Nam Nữ Unisex kiểu dáng Ulzzang áo caridan Nút Bấm Form Rộng tay dài Unisex Nam Nữ,102.000₫,https://tiki.vn/ao-khoac-ni-bomber-chu-r-nam-nu-unisex-kieu-dang-ulzzang-p153471543.html?spid=153471549,1,,,NIU24
ÁO HOODIE - ÁO KHOÁC NỈ NGOẠI Dây full zip (Ảnh Thật) HOOIDE MỚI in mặt quỷ KOMILA,92.000₫,https://tiki.vn/ao-hoodie-ao-khoac-ni-ngoai-day-full-zip-anh-that-hooide-moi-in-mat-quy-komila-p205707681.html?spid=205707683,2,,,NIU24
"Hình Thật độc quyền, Bigsize, ulzzang Áo Hoodie UNISEX stick xinh",101.000₫,https://tiki.vn/hinh-that-doc-quyen-bigsize-ulzzang-ao-hoodie-unisex-stick-xinh-p84749318.html?spid=84749345,3,,,NIU24
Áo hoodie nỉ ngoại in chữ,117.900,https://tiki.vn/ao-hoodie-ni-ngoai-in-chu-p72729030.html?spid=72729032,4,,,NIU24
,,https://tiki.vn/ao-hoodie-basic-cao-cap-nam-nu-ao-khoac-ni-in-phu-thuy-an-tuong-withecs-p84749365.html?spid=84749379,5,,,NIU24
Áo hoodie chất PE in hoạt hình,107.900₫,https://tiki.vn/ao-hoodie-chat-pe-in-hoat-hinh-p73160905.html?spid=73160911,6,,Đã bán 5,NIU24
Áo Hoodie mới về thun nỉ ngoại mỡi về,126.000₫,https://tiki.vn/ao-hoodie-moi-ve-thun-ni-ngoai-moi-ve-p73491323.html?spid=73491325,7,,,NIU24
Áo hoodie nỉ ngoại,125.000₫,https://tiki.vn/ao-hoodie-ni-ngoai-p73494204.html?spid=73494208,8,,,NIU24
ÁO HOODIE - ÁO KHOÁC NỈ NGOẠI Dây full zip (Ảnh Thật) HOOIDE MỚI in CHỮ 7 MÀU,93.000₫,https://tiki.vn/ao-hoodie-ao-khoac-ni-ngoai-day-full-zip-anh-that-hooide-moi-in-chu-7-mau-p249157044.html?spid=249157052,9,,,NIU24
,,https://tiki.vn/ao-khoac-nam-nu-hoodie-ni-tron-basic-in-chu-noi-form-rong-co-mu-ulzzang-gia-re-couple-p243032826.html?spid=243032830,10,,,NIU24
Áo khoác dù bomber unisex form rộng TORONA bóng chày nam nữ thời trang,130.000₫,https://tiki.vn/ao-khoac-bong-chay-bomber-nam-nu-form-rong-p91753780.html?spid=91753794,11,,,NIU24
Áo hoodie con ngựa,126.000,https://tiki.vn/ao-hoodie-con-ngua-p73495849.html?spid=73495855,12,,,NIU24
,,https://tiki.vn/ao-khoac-du-soc-tay-dep-p73491854.html?spid=73491856,13,,,NIU24
Áo Khoác Dù Sọc Tay Đẹp,126.000₫,https://tiki.vn/ao-khoac-du-soc-tay-dep-p73495785.html?spid=73495789,14,,,NIU24
Áo hoodie con ngựa,126.000₫,https://tiki.vn/ao-hoodie-con-ngua-p73484272.html?spid=73484278,15,,,NIU24
áo khoác dù phát sáng,117.900₫,https://tiki.vn/ao-khoac-du-phat-sang-p73160940.html?spid=73160946,16,,Đã bán 6,NIU24
Áo khoác dù nam nữ unisex áo ulzzang Hàn Quốc Phối Cổ Bẻ in Sweader - áo khoác chống nắng street style 2 lớp cao cấp,123.000,https://tiki.vn/ao-khoac-du-nam-nu-unisex-ao-ulzzang-han-quoc-phoi-co-be-in-sweader-ao-khoac-chong-nang-street-style-2-lop-cao-cap-p182587851.html?spid=182587947,17,,,NIU24
,,https://tiki.vn/ao-hoodie-ni-nam-nu-purbsso-phong-cach-han-quoc-xinh-xan-wedo-p183915245.html?spid=183915317,18,,,NIU24
ÁO HOODIE NỈ NAM IN HÌNH SIÊU ANH HÙNG CỰC DỄ THƯƠNG,103.000₫,https://tiki.vn/ao-hoodie-ni-nam-in-hinh-sieu-anh-hung-cuc-de-thuong-gu-fashion-p183915194.html?spid=183915307,19,,,NIU24
Áo khoác dù nam full ziper form rộng in LOGO MẶT TRỜI CƯỜI chất 2 lớp dày dặn,89.000₫,https://tiki.vn/ao-khoac-du-nam-full-ziper-form-rong-in-logo-mat-troi-cuoi-chat-2-lop-day-dan-p183920251.html?spid=183920275,20,,,NIU24
Áo Khoác Bomber Nam Nữ CHMP ASUP Vải Dù Mero 2 Lớp Phong Cách Cậu Cả Cool Ngầu Cá Tính Trending,102.000₫,https://tiki.vn/ao-khoac-bomber-nam-nu-chmp-asup-vai-du-mero-2-lop-phong-cach-cau-ca-cool-ngau-ca-tinh-trending-p176416419.html?spid=176416438,21,,,NIU24
"Áo khoác dù nam nữ phối sọc Phản Quang, vải dù hai lớp cao cấp. thiết kế cổ cao cá tính",102.000₫,https://tiki.vn/ao-khoac-du-nam-nu-phoi-soc-phan-quang-vai-du-hai-lop-cao-cap-thiet-ke-co-cao-ca-tinh-wedo-p176417302.html?spid=176417329,22,,,NIU24
Bomber Nỉ In LB Áo Khoác Nỉ Hình In Unisex Nam Nữ Siêu Xinh,98.000₫,https://tiki.vn/bomber-ni-in-lb-ao-khoac-ni-hinh-in-unisex-nam-nu-sieu-xinh-p176405607.html?spid=176405609,23,,,NIU24
Quần SHORT KAKI TÚI HỘP BOX Nam Nữ Ulzzang Unisex,89.000₫,https://tiki.vn/quan-short-kaki-tui-hop-box-nam-nu-ulzzang-unisex-1hitshop-p190808256.html?spid=190808305,24,,,NIU24
"Bộ mặc nhà nam nữ in hình Gấu Đá ,bộ thun phông nam cotton co giãn 4c",138.000,https://tiki.vn/bo-mac-nha-nam-nu-in-hinh-gau-da-bo-thun-phong-nam-cotton-co-gian-4c-p189972704.html?spid=189972705,25,,,NIU24
,,https://tiki.vn/ao-ni-hoodi-in-chu-wish-cuc-bam-phong-cach-han-quoc-ao-hoodie-nam-nu-chat-ni-3-mau-be-xam-nau-cam-p193589992.html?spid=193590006,26,,,NIU24
[ RẺ VÔ ĐỊCH] Áo Khoác Hoodie Form Rộng Unisex BABY Vải Nỉ Bông Dày Dặn màu ĐEN/TRẮNG,103.000₫,https://tiki.vn/re-vo-dich-ao-khoac-hoodie-form-rong-unisex-baby-vai-ni-bong-day-dan-mau-den-trang-p201001321.html?spid=201001327,27,,,NIU24
"Áo Khoác Nỉ JUMP Form Unisex Nam Nữ Chất Nỉ Bông, Áo Khoác Hoodie Zip 3 Màu Nam Nữ Ulzzang Unisex - Áo khoác nỉ mũ form rộng nỉ bông dày dặn cotton mềm mịn",108.000₫,https://tiki.vn/ao-khoac-ni-jump-form-unisex-nam-nu-chat-ni-bong-ao-khoac-hoodie-zip-3-mau-nam-nu-ulzzang-unisex-ao-khoac-ni-mu-form-rong-ni-bong-day-dan-cotton-mem-min-p206133772.html?spid=206133784,28,,,NIU24
Áo Hoodie YoungAt Chất Nỉ Bông Form Rộng Unisex Nam Nữ,89.000₫,https://tiki.vn/ao-hoodie-youngat-chat-ni-bong-form-rong-unisex-nam-nu-p193180793.html?spid=193180797,29,,,NIU24
"Áo bomber nỉ ngoại trần bông unisex, áo cardigan nam nữ phôm rộng thêu chữ phối màu cao cấp nút bấm",98.700₫,https://tiki.vn/ao-bomber-ni-ngoai-tran-bong-unisex-ao-cardigan-nam-nu-phom-rong-theu-chu-phoi-mau-cao-cap-nut-bam-p193366776.html?spid=193366800,30,,,NIU24
,,https://tiki.vn/ao-khoac-hoodie-ni-bong-happy-form-rong-unisex-1hit-p195873036.html?spid=195873072,31,,,NIU24
Áo sơ mi tay ngắn thêu chữ OH from rộng Unisex Nam Nữ Tay Ngắn Chất Kate Lụa Mịn,120.000₫,https://tiki.vn/ao-so-mi-tay-ngan-theu-chu-oh-from-rong-unisex-nam-nu-tay-ngan-chat-kate-lua-min-p195454582.html?spid=195454606,32,,,NIU24
Áo Khoác Bomber A&amp;X Dream in phối siêu cá tính form Unisex Chất Nỉ Bông,96.000₫,https://tiki.vn/ao-khoac-bomber-a-x-dream-in-phoi-sieu-ca-tinh-form-unisex-chat-ni-bong-p174294122.html?spid=174294139,33,,,NIU24
Áo khoác bóng chày form rộng FASHION vải dù cao cấp ️Áo bomber Varsity dáng Unisex nam nữ,109.000₫,https://tiki.vn/ao-khoac-bong-chay-form-rong-fashion-vai-du-cao-cap-ao-bomber-varsity-dang-unisex-nam-nu-d03-p174299793.html?spid=174299809,34,,,NIU24
"Áo khoác Bomber Varsity Jacket UNDERTRAP, áo bomber nam nữ unisex JFgenz chất nỉ bông FreshKid",112.000,https://tiki.vn/ao-khoac-bomber-varsity-jacket-undertrap-ao-bomber-nam-nu-unisex-jfgenz-chat-ni-bong-freshkid-p174914366.html?spid=174914371,35,,,NIU24
,,https://tiki.vn/ao-khoac-ni-ngoai-bomber-bong-chay-m-unisex-ulzzang-nam-nu-p174842663.html?spid=174842681,36,,,NIU24
Áo khoác bomber UNDERTRAP unisex nam nữ 4 màu unisex phối bo phong cách,105.000₫,https://tiki.vn/ao-varsity-jacket-liberty-ullzang-ao-khoac-bomber-undertrap-unisex-nam-nu-4-mau-unisex-phoi-bo-sieu-hot-lp-store-p174842906.html?spid=174842910,37,,,NIU24
Áo Nhung Tăm Bomber Nam Nữ From Rộng Chữ G Phối Viền Couple Kiểu Dáng Teen,162.000₫,https://tiki.vn/ao-nhung-tam-bomber-nam-nu-from-rong-chu-g-phoi-vien-couple-kieu-dang-teen-tp9834-p177995420.html?spid=177995444,38,,,NIU24
ÁO THUN NAM PHẢN QUANG NETWORK CHẤT THUN THOÁNG MÁT LÊN FORM SIÊU NGẦU,103.000₫,https://tiki.vn/ao-thun-nam-phan-quang-network-chat-thun-thoang-mat-len-form-sieu-ngau-wedo-p178585453.html?spid=178585466,39,,,NIU24
Áo Khoác Hoodie 2 Nón In Gấu SATUDR Kiểu Khóa Zip Kéo Phối 2 Nón Giữ Nhiệt Che Nắng Đa Năng Phong Cách Thời Trang Cá Tín,102.000,https://tiki.vn/ao-khoac-hoodie-2-non-in-gau-satudr-kieu-khoa-zip-keo-phoi-2-non-giu-nhiet-che-nang-da-nang-phong-cach-thoi-trang-ca-tin-p178585332.html?spid=178585368,40,,,NIU24
