title,price,link_item,index,discount,sales,category
Combo 3 áo lót học sinh ngắn không mút iBasic VA111,180.000₫,https://tiki.vn/combo-3-ao-lot-hoc-sinh-ngan-khong-mut-ibasic-va111-p119285172.html?spid=119285187,1,-13%,Đã bán 37,dolotnu
Quần lót nữ lọt khe ren sexy xếp hình hoa - Màu đỏ,25.000₫,https://tiki.vn/quan-lot-nu-lot-khe-ren-sexy-xep-hinh-hoa-mau-do-p23100042.html?spid=23100043,2,-7%,Đã bán 162,dolotnu
Áo Lót Đệm Mỏng Cài Trước Đệm Mỏng,190.000₫,https://tiki.vn/ao-lot-dem-mong-cai-truoc-dem-mong-p83033717.html?spid=83033741,3,,Đã bán 6,dolotnu
Quần Lót Nữ Đúc Su phối ren sexy gợi cảm thoáng mát kháng khuẩn mã 9085,35.000₫,https://tiki.vn/quan-lot-nu-duc-su-phoi-ren-sexy-goi-cam-thoang-mat-khang-khuan-ma-9085-p95110454.html?spid=117385535,4,-28%,Đã bán 14,dolotnu
,,https://tiki.vn/ao-lot-nu-chong-tut-khong-day-mac-dam-ho-vai-p83033911.html?spid=83033919,5,-38%,,dolotnu
"Áo ngực bản to che mỡ lưng đệm mỏng có gọng nâng đỡ bầu ngực, tạo khe tự nhiên, Áo lót nữ định hình HÀNG CAO CẤP",179.000₫,https://tiki.vn/ao-nguc-ban-to-che-mo-lung-dem-mong-co-gong-nang-do-bau-nguc-tao-khe-tu-nhien-ao-lot-nu-dinh-hinh-hang-cao-cap-p214723228.html?spid=214723232,6,,Đã bán 5,dolotnu
"Áo Lót Hở Lưng Chống Tụt Có Gọng Nâng Đẩy Tạo Khe, Áo Ngực Không Dây Hở Lưng Dán Silicon Cup Ngang Hàng Cao Cấp",119.000₫,https://tiki.vn/ao-lot-ho-lung-chong-tut-co-gong-nang-day-tao-khe-ao-nguc-khong-day-ho-lung-dan-silicon-cup-ngang-hang-cao-cap-p263588603.html?spid=263588609,7,,Đã bán 2,dolotnu
"Combo 2 Cặp Miếng Dán Ngực Silicon Hình Cánh Hoa và Matte Tàng Hình Cho Phái Nữ, Miếng Dán Miley Lingerie",189.000₫,https://tiki.vn/combo-2-cap-mieng-dan-nguc-silicon-hinh-canh-hoa-va-matte-tang-hinh-cho-phai-nu-mieng-dan-miley-lingerie-p262383568.html?spid=262383569,8,,,dolotnu
Bộ Đồ Lót Cổ Chữ V Phối Quần Boy Short Sợi Vải Thiên Nhiên Miley Lingerie,247.000,https://tiki.vn/bo-do-lot-co-chu-v-phoi-quan-boy-short-soi-vai-thien-nhien-miley-lingerie-p263087317.html?spid=263087321,9,-58%,,dolotnu
,,https://tiki.vn/quan-lot-nu-annie-qe-8126-tron-phoi-ren-phia-sau-p167479971.html?spid=167479989,10,-35%,,dolotnu
"Áo ngực mặc áo đầm hở lưng,chống tụt không dây cúp ngang Thái Lan",69.000₫,https://tiki.vn/ao-nguc-mac-ao-dam-ho-lung-chong-tut-khong-day-cup-ngang-thai-lan-p124239272.html?spid=124239305,11,,Đã bán 15,dolotnu
Áo ngực nữ cài trước chất ren phối su Charmila không gọng mã AN29,319.000,https://tiki.vn/ao-nguc-nu-cai-truoc-chat-ren-phoi-su-charmila-khong-gong-ma-an29-p210530286.html?spid=210530290,12,,Đã bán 3,dolotnu
,,https://tiki.vn/ao-nguc-scoptop-nu-ao-lot-bra-phi-bong-8-moc-cai-sau-cao-cap-p179501028.html?spid=179501038,13,-63%,,dolotnu
Quần lót ren lọt khe - đen,29.000₫,https://tiki.vn/quan-lot-ren-lot-khe-den-p44723066.html?spid=44723067,14,-41%,Đã bán 39,dolotnu
"Áo lót Bra Corset không gọng đệm dày 6cm siêu nâng đẩy tạo khe tự nhiên, Áo ngực bản to che mỡ lưng mỡ nách nâng ngực HQ",220.000₫,https://tiki.vn/ao-lot-bra-corset-khong-gong-dem-day-6cm-sieu-nang-day-tao-khe-tu-nhien-ao-nguc-ban-to-che-mo-lung-mo-nach-nang-nguc-hq-p262844321.html?spid=262844333,15,,,dolotnu
Áo định hình ngực sau phẫu thuật nâng ngực và treo sa trễ ngực.,550.000₫,https://tiki.vn/ao-dinh-hinh-nguc-sau-phau-thuat-nang-nguc-va-treo-sa-tre-nguc-p73156563.html?spid=73156564,16,,Đã bán 2,dolotnu
SIÊU SALE - Áo lót Boya ren mút mỏng có gọng BOYA 522B,90.000₫,https://tiki.vn/sieu-sale-ao-lot-boya-ren-mut-mong-co-gong-boya-522b-p96779045.html?spid=142087020,17,,,dolotnu
,,https://tiki.vn/ao-lot-nu-mong-ren-3-moc-big-size-395-p74820156.html?spid=74820168,18,,,dolotnu
Combo 4 Quần Lót Nữ Phối Ren Miley Lingerie Active FMM0205-0405-1105-1205,180.000₫,https://tiki.vn/combo-4-quan-lot-nu-phoi-ren-miley-lingerie-active-fmm0205-0405-1105-1205-p58068724.html?spid=58068728,19,,Đã bán 20,dolotnu
"Áo lót nữ ren nâng ngực không gọng Triumph Sculpt Breeze HU 1749 đệm mút vừa siêu nhẹ, mượt mà và thoáng khí",1.499.000₫,https://tiki.vn/ao-lot-nu-ren-nang-nguc-khong-gong-triumph-sculpt-breeze-hu-1749-dem-mut-vua-sieu-nhe-muot-ma-va-thoang-khi-p203275541.html?spid=203275551,20,,Đã bán 3,dolotnu
Quần lót ren lưới lọt khe cao cấp KẺ SỌC THÊU HỌA TIẾT Siêu thoáng mát cho nữ,28.600₫,https://tiki.vn/quan-lot-ren-luoi-lot-khe-cao-cap-ke-soc-theu-hoa-tiet-sieu-thoang-mat-cho-nu-p270791947.html?spid=270791969,21,,,dolotnu
Áo Lót Bralette Cotton Siêu Nhẹ Mềm Mỏng Thoáng Khi B289,213.000₫,https://tiki.vn/ao-lot-bralette-cotton-sieu-nhe-mem-mong-thoang-khi-b289-p84827368.html?spid=84828001,22,,Đã bán 1,dolotnu
Đai nịt bụng Latex Hy Lạp 25 xương chuẩn Hy Lạp_ Đai nịt bụng định hình eo thon chất liệu cao su non Latex,245.000₫,https://tiki.vn/dai-nit-bung-latex-hy-lap-25-xuong-chuan-hy-lap_-dai-nit-bung-dinh-hinh-eo-thon-chat-lieu-cao-su-non-latex-p171717374.html?spid=171718096,23,,,dolotnu
Áo lót cup mút nước BARE B2030001,899.000₫,https://tiki.vn/ao-lot-cup-mut-nuoc-bare-b2030001-p150582004.html?spid=150582014,24,,Đã bán 1,dolotnu
Quần lót nữ cotton lọt khe - Màu đen,29.000₫,https://tiki.vn/quan-lot-nu-cotton-lot-khe-mau-den-p23232414.html?spid=23232419,25,,,dolotnu
,,https://tiki.vn/ao-lot-dinh-hinh-ban-to-chong-han-giam-mo-lung-chong-chay-xe-ao-nguc-nang-nguc-khong-gong-dem-vua-tao-khe-tu-nhien-p263644929.html?spid=263644935,26,,,dolotnu
Aó gen định hình bắp tay sau hút mỡ bắp tay cố định ngực sau phẩu thuật nâng ngực treo sa trễ,395.000₫,https://tiki.vn/ao-gen-dinh-hinh-bap-tay-sau-hut-mo-bap-tay-co-dinh-nguc-sau-phau-thuat-nang-nguc-treo-sa-tre-p199169223.html?spid=199169235,27,,Đã bán 10,dolotnu
Áo ngực cài trước Lovely mút dày 303,129.000₫,https://tiki.vn/ao-nguc-cai-truoc-lovely-mut-day-303-p221009227.html?spid=221009229,28,,,dolotnu
"Combo 3 Quần lót nữ lụa tàng hình,đũng kháng khuẩn,co giãn 4 chiều,mềm mại,thoáng mát, cạp cao không lộ viền",116.000₫,https://tiki.vn/combo-3-quan-lot-nu-lua-tang-hinh-dung-khang-khuan-co-gian-4-chieu-mem-mai-thoang-mat-cap-cao-khong-lo-vien-p203932673.html?spid=204642617,29,,Đã bán 10,dolotnu
Quần lót mặc váy ren nơ cao cấp,24.000₫,https://tiki.vn/quan-lot-mac-vay-ren-no-cao-cap-p20677767.html?spid=51025513,30,,,dolotnu
,,https://tiki.vn/bo-2-quan-lot-nu-cotton-phoi-ren-miley-lingerie-fcb_04-p21145963.html?spid=21145967,31,,,dolotnu
Combo 3 Quần Lót Nữ Bikini Melange Active Miley Lingerie FCB0900-1100-1400,140.000₫,https://tiki.vn/combo-3-quan-lot-nu-bikini-melange-active-miley-lingerie-fcb0900-1100-1400-giao-mau-ngau-nhien-p58261112.html?spid=58261120,32,,Đã bán 72,dolotnu
"Quần Gen Bụng, Quần Mặc Trong Váy Siêu Co Dãn Cao Cấp",68.500₫,https://tiki.vn/quan-gen-bung-quan-mac-trong-vay-sieu-co-dan-cao-cap-p155268118.html?spid=155268120,33,,Đã bán 27,dolotnu
"Áo lót nữ nâng ngực đệm hơi Triumph Everyday Essential 8603 cúp chéo có gọng, mềm mại, siêu nhẹ, ôm sát làn da, không hằn lên trang phục",760.000₫,https://tiki.vn/ao-lot-nu-nang-nguc-dem-hoi-triumph-everyday-essential-8603-cup-cheo-co-gong-mem-mai-sieu-nhe-om-sat-lan-da-p203260421.html?spid=204333174,34,,Đã bán 2,dolotnu
Quần lót su nữ không đường may Lylylorem QL810 - Giao màu ngẫu nhiên,25.000₫,https://tiki.vn/quan-lot-su-nu-khong-duong-may-lylylorem-ql810-giao-mau-ngau-nhien-p156639922.html?spid=156639924,35,,,dolotnu
,,https://tiki.vn/bo-do-lot-cai-truoc-day-luoi-dem-mong-khong-gong-al29-p167223900.html?spid=167224563,36,,,dolotnu
Áo lá học sinh cấp 1 cấp 2 cao cấp áo ngực trẻ em tuổi mới lớn dậy thì chất cotton mềm mại thoáng mát Lá Bralette A23,38.000₫,https://tiki.vn/ao-la-hoc-sinh-cap-1-cap-2-cao-cap-ao-nguc-tre-em-tuoi-moi-lon-day-thi-chat-cotton-mem-mai-thoang-mat-la-bralette-a23-p185005658.html?spid=203937527,37,,Đã bán 22,dolotnu
Bộ đồ lót không gọng bra kèm quần lọt khe phối ngọc trai sexy PBL2 - Bộ quần áo lót gợi cảm,179.000₫,https://tiki.vn/bo-do-lot-khong-gong-bra-kem-quan-lot-khe-phoi-ngoc-trai-sexy-pbl2-bo-quan-ao-lot-goi-cam-p194021841.html?spid=194021842,38,,Đã bán 4,dolotnu
Bộ lót định hình toàn thân QLN-0056,192.500₫,https://tiki.vn/bo-lot-dinh-hinh-toan-than-qln-0056-p106311206.html?spid=106311275,39,,Đã bán 5,dolotnu
Áo lót nữ annie 8107 áo ngực trơn không gọng,187.000,https://tiki.vn/ao-lot-nu-annie-8107-ao-nguc-tron-khong-gong-p188189758.html?spid=188189764,40,,,dolotnu
