title,price,link_item,index,discount,sales,category
Áo Thun Agatsuma Zenitsu Siêu Độc | Áo Phông Thanh Gươm Quỷ Diệt KIMETSU NO YAIBA Tshirt KY2,59.000₫,https://tiki.vn/ao-thun-agatsuma-zenitsu-sieu-doc-ao-phong-thanh-guom-quy-diet-kimetsu-no-yaiba-tshirt-ky2-p90418249.html?spid=273449469,1,-32%,,aothun
Áo Thun 4 Chiều Sọc Cao Cấp VIỆT PHÁP / Form Suông- Chất liệu cotton 4 chiều co dãn và thấm hút mồ hôi tốt 2100,351.000₫,https://tiki.vn/ao-thun-4-chieu-soc-cao-cap-viet-phap-form-suong-chat-lieu-cotton-4-chieu-co-dan-va-tham-hut-mo-hoi-tot-2100-p272943561.html?spid=272943603,2,-20%,Đã bán 1,aothun
Áo Thun Nam Khatoco A2MN398R2-VNSC047-2412-N,318.400₫,https://tiki.vn/ao-thun-nam-khatoco-a2mn398r2-vnsc047-2412-n-p273585432.html?spid=273585442,3,-17%,,aothun
"TOKYO, mã logo.g34. Áo thun polo nam nữ, form unisex. Áo phông cổ trụ Goking, vải cá sấu 3D, công nghệ chống nhăn Nhật Bản",148.000,https://tiki.vn/tokyo-ma-g34-logo-ao-thun-polo-nam-nu-form-unisex-ao-phong-co-tru-goking-vai-ca-sau-3d-cong-nghe-chong-nhan-nhat-ban-p203953050.html?spid=203953104,4,-53%,Đã bán 2,aothun
,,https://tiki.vn/ao-thun-nam-in-hinh-sup-la-mat-han-quoc-vai-day-min-tee19s85-p190396436.html?spid=190397015,5,-15%,,aothun
Áo thun nam cổ polo vải thun cá sấu co dãn 4 chiều,149.000₫,https://tiki.vn/ao-thun-nam-co-polo-vai-thun-ca-sau-co-dan-4-chieu-p98957726.html?spid=98957730,6,,,aothun
Áo thun nam Áo thun nam polo KT03 Chất thun co dãn thời trang mới cao cấp,125.000₫,https://tiki.vn/ao-thun-nam-freeship-ao-thun-nam-polo-kt03-chat-thun-co-dan-thoi-trang-moi-cao-cap-p111710148.html?spid=111710219,7,,Đã bán 2,aothun
Áo lót nam Malefix Paris TS2007 áo không tay,62.000₫,https://tiki.vn/ao-lot-nam-malefix-paris-ts2007-ao-khong-tay-p167483003.html?spid=167483027,8,-36%,,aothun
(SALE) Áo thun Stranger Things cực chất,112.000,https://tiki.vn/sale-ao-thun-stranger-things-cuc-chat-p263289599.html?spid=263289673,9,-50%,,aothun
,,https://tiki.vn/ao-free-fire-co-tron-mau-trang-rank-huyen-thoai-hinh-in-3d-sac-net-kieu-dang-tre-trung-phu-hop-danh-cho-ca-nam-va-nu-p72909647.html?spid=72909651,10,,,aothun
"Áo thun phản quang 7 màu trăng sao chất đẹp mát dài tay form rộng ( Đen, Trắng )",69.000₫,https://tiki.vn/ao-thun-phan-quang-7-mau-trang-sao-chat-dep-mat-dai-tay-form-rong-den-trang-p82748383.html?spid=82748571,11,,,aothun
Áo Thun Nam Có Cổ Phối Một Sọc Thẳng Nam Tính,125.000,https://tiki.vn/ao-thun-nam-co-co-phoi-mot-soc-thang-nam-tinh-p105950381.html?spid=105950572,12,,Đã bán 6,aothun
,,https://tiki.vn/ao-thun-nam-ngan-tay-co-tim-mau-moi-nhieu-mau-p192218818.html?spid=192221638,13,,,aothun
"Áo thun tay lỡ Havism, Áo phông nam nữ Unisex, Jack Lane",160.000₫,https://tiki.vn/ao-thun-tay-lo-havism-ao-phong-nam-nu-unisex-jack-lane-p160517843.html?spid=160517913,14,,Đã bán 5,aothun
"Áo Thun Nam Ngắn Tay Không Cổ US ARMY U229, Chất Liệu Cotton Thoáng Mát, Mềm Mịn, Mát, Bền Màu-HÀNG CHÍNH HÃNG",189.000₫,https://tiki.vn/ao-thun-nam-ngan-tay-kieu-linh-khong-co-us-army-u229-chat-lieu-cotton-thoang-mat-mem-min-mat-ben-mau-hang-chinh-hang-p108772138.html?spid=178779989,15,,Đã bán 40,aothun
Áo Thun Nam Khatoco A2MN438R2-CNMA327-2505-N-CHẤT LIỆU COFFEE,372.300₫,https://tiki.vn/ao-thun-nam-khatoco-a2mn438r2-cnma327-2505-n-chat-lieu-coffee-p273583746.html?spid=273583758,16,,Đã bán 1,aothun
Áo Thun Nam - ĐEN - L,79.000₫,https://tiki.vn/ao-thun-nam-den-l-p22835212.html?spid=84572489,17,,Đã bán 32,aothun
,,https://tiki.vn/ao-thun-nam-khatoco-a2mn398r2-vnsc045-2412-n-p273585266.html?spid=273585274,18,,,aothun
Áo thun polo cotton màu xanh rêu in hình toàn thân bigsize nam tới 140kg,310.000₫,https://tiki.vn/ao-thun-polo-cotton-mau-xanh-reu-in-hinh-toan-than-bigsize-nam-toi-140kg-p251773094.html?spid=251773108,19,,Đã bán 1,aothun
"Áo Polo Nam Có Cổ Dài Tay, Logo Thêu Cao Cấp, Chất liệu Vải Cotton Cá Sấu 100%VNXK Cao Cấp, Thấm Hút Mồ Hôi, Co Giãn Đa Chiều",169.000₫,https://tiki.vn/ao-polo-nam-co-co-dai-tay-logo-theu-cao-cap-chat-lieu-vai-cotton-ca-sau-100-vnxk-cao-cap-tham-hut-mo-hoi-co-gian-da-chieu-p72297915.html?spid=205046604,20,,Đã bán 4,aothun
"Áo Polo Nam Có Cổ Cao Cấp Co Giãn Nhiều Màu Sắc,Trung Niên , Trẻ Trung, Lịch Lãm Bền Rẻ AL37",79.000₫,https://tiki.vn/ao-polo-nam-co-co-cao-cap-co-gian-nhieu-mau-sac-trung-nien-tre-trung-lich-lam-ben-re-al37-p133772369.html?spid=133772383,21,,Đã bán 18,aothun
Áo thun polo nam basic cổ bẻ vải CVC cá sấu cao cấp chuẩn form M18,185.000₫,https://tiki.vn/ao-thun-polo-nam-basic-co-be-vai-cvc-ca-sau-cao-cap-chuan-form-m18-p249938868.html?spid=249938882,22,,Đã bán 2,aothun
Áo thun polo nam chấm bi họa tiết có cỏ bẻ cá sấu lạnh thoáng mát trung niên Nexx & Dee 01,155.000₫,https://tiki.vn/ao-thun-polo-nam-cham-bi-hoa-tiet-co-co-be-ca-sau-lanh-thoang-mat-trung-nien-nexx-dee-01-p76056896.html?spid=76056908,23,,Đã bán 23,aothun
ÁO POLO THỂ THAO CAO CẤP AVP42,69.000₫,https://tiki.vn/ao-polo-the-thao-cao-cap-avp42-p263704477.html?spid=263704483,24,,Đã bán 8,aothun
Áo Polo Enkoni Coolmate Thời Trang,389.000,https://tiki.vn/ao-polo-enkoni-coolmate-thoi-trang-p252684905.html?spid=252684911,25,,,aothun
,,https://tiki.vn/ao-thun-nam-cotton-mac-nha-tay-ngan-basic-ibasic-homm012-1-p199597531.html?spid=199597535,26,,,aothun
Áo Thun Nam Cổ Tròn Chất Thun Lạnh Thể Thao In Chìm Họa Tiết Tổ Ong - LZ FASHION - TY002,129.000₫,https://tiki.vn/ao-thun-nam-co-tron-chat-thun-lanh-the-thao-in-chim-hoa-tiet-to-ong-lz-fashion-ty002-p207775024.html?spid=207775082,27,,Đã bán 7,aothun
Áo Thể Thao Nam TSIMPLE cổ tròn tay ngắn tập gym vải thun lạnh thoáng mát co giãn chuẩn form MSSAHP4,95.000₫,https://tiki.vn/ao-the-thao-nam-tsimple-co-tron-tay-ngan-tap-gym-vai-thun-lanh-thoang-mat-co-gian-chuan-form-mssahp4-p150731971.html?spid=150731979,28,,Đã bán 93,aothun
Áo thun polo nam TSIMPLE có cổ ngắn tay vải cotton cá sấu cao cấp form rộng big size A02006,169.000₫,https://tiki.vn/ao-thun-polo-nam-tsimple-co-co-ngan-tay-vai-cotton-ca-sau-cao-cap-form-rong-big-size-a02006-p270103370.html?spid=270103392,29,,Đã bán 4,aothun
Áo polo nam A-CHILL TOUCH Anta 852237122,539.500,https://tiki.vn/ao-polo-nam-a-chill-touch-anta-852237122-p198320889.html?spid=198320913,30,,,aothun
,,https://tiki.vn/ao-thun-polo-nam-tsimple-co-co-vai-thun-ca-sau-cotton-form-rong-a021001-p205160847.html?spid=205160907,31,,,aothun
"Áo Polo nam cổ bẻ ngắn tay, chất liệu vải cá sấu cotton cao cấp, trẻ trung, năng động – FORMEN SHOP – FMPS046",199.000₫,https://tiki.vn/ao-polo-nam-co-be-ngan-tay--chat-lieu-vai-ca-sau-cotton-cao-cap--tre-trung--nang-dong---formen-shop---fmps046-p19597199.html?spid=19597226,32,,Đã bán 19,aothun
"Áo thun POLO nam cổ sơ mi VIKOR SMM08 trắng vải sợi cafe cao cấp, mềm mại, siêu mát hàng chính hiệu",369.000₫,https://tiki.vn/ao-thun-polo-nam-co-so-mi-vikor-smm05-xanh-duong-vai-soi-cafe-cao-cap-mem-mai-sieu-mat-hang-chinh-hang-p202850890.html?spid=202850897,33,,,aothun
Áo Thun Nam Polo 4 Màu Chất liệu mềm mại thoáng mát chống nhăn Phom dáng trẻ trung lịch lãm,89.000₫,https://tiki.vn/ao-thun-nam-polo-4-mau-chat-lieu-mem-mai-thoang-mat-chong-nhan-phom-dang-tre-trung-lich-lam-p221699303.html?spid=221699310,34,,Đã bán 9,aothun
"ÁO THUN NAM DÀI TAY CỔ BẺ MẪU MỚI NHIỀU MÀU, 4 SIZE(PHOM 50-75KG), LOGO THÊU, VẢI 100% COTTON CAO CẤP",169.000,https://tiki.vn/ao-thun-nam-dai-tay-co-be-mau-moi-nhieu-mau-3-size-phom-50-75kg-logo-theu-vai-100-cotton-cao-cap-p72295699.html?spid=72295703,35,,,aothun
,,https://tiki.vn/ao-thun-nam-co-co-ngan-tay-tron-faja-mau-xam-p16606074.html?spid=16606094,36,,,aothun
Áo phông nam cao cấp cổ tròn ngắn tay đẹp chất vải cotton co giãn 4 chiều thoáng mát ZAVAS Z04,220.000₫,https://tiki.vn/ao-phong-nam-cao-cap-co-tron-ngan-tay-dep-chat-vai-cotton-co-gian-4-chieu-thoang-mat-zavas--z04-p114604412.html?spid=114604626,37,,Đã bán 23,aothun
Áo thun nam tay ngắn cổ bẻ cotton thun lạnh 4 chiều cao cấp A5 chính hãng-TSSTORE95,129.000₫,https://tiki.vn/ao-thun-nam-tay-ngan-co-be-cotton-thun-lanh-4-chieu-cao-cap-a5-chinh-hang-tsstore95-p154999458.html?spid=154999544,38,,Đã bán 5,aothun
"Áo thun polo nam GOKING, vải thun cá sấu cao cấp. Áo phông cổ trụ hàng hiệu. Công nghệ chống nhăn Nhật Bản",99.000₫,https://tiki.vn/ao-thun-polo-nam-hieu-goking-vai-thun-ca-sau-cao-cap-p31664674.html?spid=31664690,39,,Đã bán 264,aothun
Áo thun polo nam thể thao sọc ngang có cổ vải cá sấu thun thoáng mát trung niên Nexx & Dee ND03,149.000,https://tiki.vn/ao-thun-polo-nam-the-thao-soc-ngang-co-co-vai-ca-sau-thun-thoang-mat-trung-nien-nexx-dee-nd03-p50883523.html?spid=50883529,40,,,aothun
