title,price,link_item,index,discount,sales,category
Combo 10 Quần lót nữ su đúc viền lượn sóng,158.000₫,https://tiki.vn/combo-10-quan-lot-nu-su-duc-vien-luon-song-p52151912.html?spid=95994580,1,-46%,,dolot
Bộ 5 Quần Lót Nữ High-Cut Phối Ren Miley Lingerie - Giao màu ngẫu nhiên,230.000₫,https://tiki.vn/bo-5-quan-lot-nu-high-cut-phoi-ren-miley-lingerie-giao-mau-ngau-nhien-p44913668.html?spid=44913672,2,-53%,Đã bán 18,dolot
Quần Lót Su Đúc Không Viền Thoải Mái Loire QSD08,139.000₫,https://tiki.vn/quan-lot-su-duc-khong-vien-thoai-mai-loire-qsd08-p117033045.html?spid=117033057,3,-20%,Đã bán 15,dolot
Bra Corset Top định hình toàn thânBí Quyết Mặc Áo Trễ Vai/ Lệch Vai siêu đẹp ko lo tụt hay lộ nội y,440.000₫,https://tiki.vn/bra-corset-top-dinh-hinh-toan-than-bi-quyet-mac-ao-tre-vai-lech-vai-sieu-dep-ko-lo-tut-hay-lo-noi-y-p104310906.html?spid=104310926,4,,,dolot
,,https://tiki.vn/quan-lot-ren-cap-cao-bigsize-om-gon-p161207936.html?spid=161208091,5,,,dolot
Bra / Áo Ngực Nữ Sinh Cotton Xuất Đông Âu ( AL : 183 ) Hàng Loại Đẹp,84.500₫,https://tiki.vn/bra-ao-nguc-nu-sinh-cotton-xuat-dong-au-al-183-hang-loai-dep-p198702996.html?spid=198703251,6,,Đã bán 1,dolot
Áo ngực nữ Charmila không gọng chất ren cao cấp hiện đại mã AN16,190.000₫,https://tiki.vn/ao-nguc-nu-charmila-khong-gong-chat-ren-cao-cap-hien-dai-ma-an16-p186095208.html?spid=186095211,7,,,dolot
"Bộ Đồ Lót Quả Ngang Ren Mềm Đệm Dày Nâng Ngực Tháo Được Dây Thành Áo Lót Quây, Set Đồ Lót- Áo Lót Quyến Rũ Sexy S056",265.000₫,https://tiki.vn/bo-do-lot-qua-ngang-ren-mem-dem-day-nang-nguc-thao-duoc-day-thanh-ao-lot-quay-set-do-lot-ao-lot-quyen-ru-sexy-s056-p84825026.html?spid=84826425,8,,,dolot
"1 Cặp Mút Tam Giác Độn Ngực Áo Tập Gym, Yoga Cao Cấp (Áo Bra, Áo Lót, Áo Bơi, Áo Ba Lỗ)",20.000₫,https://tiki.vn/1-cap-mut-tam-giac-don-nguc-ao-tap-gym-yoga-cao-cap-ao-bra-ao-lot-ao-boi-ao-ba-lo-p248273624.html?spid=248274058,9,,Đã bán 8,dolot
,,https://tiki.vn/ao-nit-nguc-khong-vien-day-keo-truoc-p116481162.html?spid=116481249,10,,,dolot
Áo ngực lovely ren mút mỏng 291,120.000₫,https://tiki.vn/ao-nguc-lovely-ren-mut-mong-291-p128263409.html?spid=142127345,11,,Đã bán 7,dolot
"Quần lót nữ sexy ren dây kiểu trẻ trung, thoải mái, thoát mát",65.000₫,https://tiki.vn/quan-lot-nu-sexy-ren-day-kieu-tre-trung-thoai-mai-thoat-mat-p262905657.html?spid=262905661,12,,,dolot
,,https://tiki.vn/quan-lot-khe-nu-quan-lot-ren-sexy-quan-lot-lot-khe-nu-sexy-c17-quan-lot-nu-lot-khe-xe-day-quan-chip-ren-nu-p103358123.html?spid=103358372,13,,,dolot
Quần Đùi Lót Nữ Mặc Trong Chân Váy Dài 32cm Miley Lingerie - Màu Đen FDS0116,71.000₫,https://tiki.vn/quan-dui-lot-nu-mac-trong-chan-vay-dai-32cm-miley-lingerie-mau-den-fds0116-p59470004.html?spid=59470008,14,,Đã bán 122,dolot
Quần Lót Nữ Lụa Băng Kháng Khuẩn Không Viền Chống Hằn P043,21.000₫,https://tiki.vn/quan-lot-nu-lua-bang-khang-khuan-khong-vien-chong-han-p043-p111645690.html?spid=188196807,15,,Đã bán 17,dolot
Bộ Đồ Lót Ren Quý Phái (Kèm Áo Choàng) - B.Lingerie,240.000₫,https://tiki.vn/bo-do-lot-ren-quy-phai-kem-ao-choang-b-lingerie-p270963726.html?spid=270963727,16,,,dolot
"Set 10 quần lót trắng cho học sinh không lộ màu,thấm hút nhanh",45.000₫,https://tiki.vn/set-10-quan-lot-trang-cho-hoc-sinh-khong-lo-mau-tham-hut-nhanh-p178111595.html?spid=178111598,17,,Đã bán 5,dolot
,,https://tiki.vn/quan-lot-ren-lot-khe-quan-lot-ren-luoi-goi-cam-p114853187.html?spid=114853236,18,,,dolot
"Áo lót nữ Bon Bon BV7303 áo ngực mút mỏng vừa, không gọng",497.000₫,https://tiki.vn/ao-lot-nu-bon-bon-bv7303-ao-nguc-mut-mong-vua-khong-gong-p167475031.html?spid=167475083,19,,Đã bán 2,dolot
Áo lót quây ngực nữ áo ngực có móc cài trước không trượt không tụt Lylylorem AL076,580.000₫,https://tiki.vn/ao-lot-quay-nguc-nu-ao-nguc-co-moc-cai-truoc-khong-truot-khong-tut-lylylorem-al076-p157520324.html?spid=157520336,20,,Đã bán 27,dolot
Quần lót lọt khe quyến rũ - Hồng,25.000₫,https://tiki.vn/quan-lot-lot-khe-quyen-ru-hong-p43992585.html?spid=43992586,21,,Đã bán 6,dolot
Quần lót ren nữ thái cao cấp,20.000₫,https://tiki.vn/quan-lot-ren-nu-thai-cao-cap-p119528578.html?spid=191080628,22,,,dolot
Quần lọt khe nữ Sexy quần lót cotton gợi cảm kháng khuẩn thoáng khí cạp thấp mới,45.000₫,https://tiki.vn/quan-lot-khe-nu-sexy-quan-lot-cotton-goi-cam-khang-khuan-thoang-khi-cap-thap-moi-p195968149.html?spid=195968151,23,,,dolot
Quần lót nữ không viền mông set 10c,200.000₫,https://tiki.vn/quan-lot-nu-khong-vien-mong-set-10c-p106526434.html?spid=259479200,24,,,dolot
Quần lót nữ ren siêu sexy gợi cảm Senter A12,19.000₫,https://tiki.vn/quan-lot-nu-ren-sieu-sexy-goi-cam-senter-a12-p198866130.html?spid=269843957,25,,,dolot
,,https://tiki.vn/quan-lot-ren-nu-quan-chip-lot-khe-nu-c22-quan-chip-sexy-nu-quan-lot-khe-xe-day-nu-quan-lot-khe-day-nu-p85900464.html?spid=85900489,26,,,dolot
COMBO 5 QUẦN LÓT GEN BỤNG CẠP CAO CHẤT COTTON PHA REN LC16,177.000₫,https://tiki.vn/combo-5-quan-lot-gen-bung-cap-cao-chat-cotton-pha-ren-lc16-p73988700.html?spid=103114781,27,,,dolot
Miếng dán ngực nhũ hoa Silicon Hàn Quốc cao cấp,49.000₫,https://tiki.vn/mieng-dan-nguc-nhu-hoa-silicon-han-quoc-cao-cap-p119641339.html?spid=119641340,28,,,dolot
[Hàng cao cấp-1029] Bộ Đồ Lót Ren - Bộ Nội Y Không Gọng Đệm Mỏng Mềm Mại Quyến Rũ Cho Nữ,277.000₫,https://tiki.vn/hang-cao-cap-1029-bo-do-lot-ren-bo-noi-y-khong-gong-dem-mong-mem-mai-quyen-ru-cho-nu-p190315474.html?spid=190315480,29,,,dolot
FM7850 - Set Nội Y Kèm Đai Eo Gater Ren Nhún Phong Cách - Đồ Lót Nữ Khoét Táo Bạo,200.000₫,https://tiki.vn/fm7850-set-noi-y-kem-dai-eo-gater-ren-nhun-phong-cach-do-lot-nu-khoet-tao-bao-p196287043.html?spid=196287063,30,,,dolot
,,https://tiki.vn/combo-10-quan-lot-cap-cao-duc-khong-duong-may-hang-thai-lan-danh-cho-nguoi-map-beo-tu-60kg-90kg-p80439497.html?spid=80439499,31,,,dolot
Áo lót học sinh 2 dây mút mỏng dành cho học sinh tiểu học trung học cơ sở chất cottton tăm mềm mại thoáng mát Lá Bralette A26,38.000₫,https://tiki.vn/ao-lot-hoc-sinh-2-day-mut-mong-danh-cho-hoc-sinh-tieu-hoc-trung-hoc-co-so-chat-cottton-tam-mem-mai-thoang-mat-la-bralette-a26-p185096001.html?spid=203937505,32,,Đã bán 15,dolot
Quần lót đuôi thỏ siêu gợi cảm,35.000₫,https://tiki.vn/quan-lot-duoi-tho-sieu-goi-cam-p161960681.html?spid=161960685,33,,,dolot
Quần lót ren nhiều màu sắc đủ size từ XS đến XL cho mọi hạng cân từ 45 - 85kg,129.000₫,https://tiki.vn/quan-lot-ren-nhieu-mau-sac-du-size-tu-xs-den-xl-cho-moi-hang-can-tu-45-85kg-p52294171.html?spid=52294179,34,,Đã bán 7,dolot
Quần lót ren xuyên suốt kiểu lindx-hipster,50.000₫,https://tiki.vn/bo-suu-tap-quan-lot-ren-xuyen-suot-kieu-lindx-hipster-p44179963.html?spid=44179973,35,,Đã bán 53,dolot
,,https://tiki.vn/quan-lot-nu-annie-qe01837-tron-p167477250.html?spid=167477284,36,,,dolot
Miếng Nâng Bụng Chống Cuộn - Gen Nịt Bụng 6 Nấc Cài - Đai Bụng Sau Sinh - da,90.000₫,https://tiki.vn/mieng-nang-bung-chong-cuon-gen-nit-bung-6-nac-cai-dai-bung-sau-sinh-p182297719.html?spid=182297733,37,,,dolot
Quần lót ren đùi hoa cúc mặc trong váy,36.000₫,https://tiki.vn/quan-lot-ren-dui-hoa-cuc-mac-trong-vay-p26664846.html?spid=50716471,38,,Đã bán 17,dolot
QUẦN LÓT LỌT KHE HẠT Quần lót chữ T,35.000₫,https://tiki.vn/quan-lot-lot-khe-hat-quan-lot-chu-t-p73545628.html?spid=73545638,39,,Đã bán 7,dolot
Bộ 3 Chiếc Quần Lót Thun Lạnh Cạp Thấp Triumph Blissy Mini CB_QD09 - Màu Da,267.000₫,https://tiki.vn/bo-3-chiec-quan-lot-triumph-blissy-mini-cb_qd09-mau-da-p2386259.html?spid=2397777,40,,Đã bán 434,dolot
