title,price,link_item,index,discount,sales,brand
Đầm bé gái họa tiết Cổ Thủy Thủ Đỏ cotton dệt - AICDBGJCA3J5 - AIN Closet,175.000₫,https://tiki.vn/dam-be-gai-hoa-tiet-co-thuy-thu-do-cotton-det-aicdbgjca3j5-ain-closet-p273565946.html?spid=273565950,1,-27%,,AIN_Closet
Bộ quần áo ngắn bé gái họa tiết Táo Xanh cotton - AICDBGAUYPKM - AIN Closet,145.000₫,https://tiki.vn/bo-quan-ao-ngan-be-gai-hoa-tiet-tao-xanh-cotton-aicdbgauypkm-ain-closet-p208678649.html?spid=208678657,2,-26%,,AIN_Closet
Đầm tay dài bé gái họa tiết Búp bê tím xô muslin - AICDBGVVF9JH - AIN Closet,175.000₫,https://tiki.vn/dam-tay-dai-be-gai-hoa-tiet-bup-be-tim-xo-muslin-aicdbgvvf9jh-ain-closet-p146557117.html?spid=146557123,3,-24%,Đã bán 2,AIN_Closet
Bộ quần áo ngắn bé gái họa tiết Tim nhí đen 2 tầng cotton - AICDBGSKYG1D - AIN Closet,145.000,https://tiki.vn/bo-quan-ao-ngan-be-gai-hoa-tiet-tim-nhi-den-2-tang-cotton-aicdbgskyg1d-ain-closet-p159786591.html?spid=159786610,4,,Đã bán 3,AIN_Closet
,,https://tiki.vn/dam-be-gai-baby-doll-vang-tim-co-thuy-thu-thun-cotton-aicdbgt5rowl-ain-closet-p193770943.html?spid=193770952,5,,,AIN_Closet
Bộ quần áo Ngắn bé gái họa tiết Hoa Hồng Đỏ cotton - AICDBG1NDX2C - AIN Closet,155.000₫,https://tiki.vn/bo-quan-ao-ngan-be-gai-hoa-tiet-hoa-hong-do-cotton-aicdbg1ndx2c-ain-closet-p272732518.html?spid=272732528,6,-24%,,AIN_Closet
Bộ quần áo Ngắn bé gái họa tiết Carrot Hayou thun cotton - AICDBGKZ6PNZ - AIN Closet,145.000₫,https://tiki.vn/bo-quan-ao-ngan-be-gai-hoa-tiet-carrot-hayou-thun-cotton-aicdbgkz6pnz-ain-closet-p271541709.html?spid=271541737,7,-26%,,AIN_Closet
Bộ quần áo ngắn bé gái họa tiết Hoa 6 cánh trắng nền vàng linen xước - AICDBGLPQXW9 - AIN Closet,145.000₫,https://tiki.vn/bo-quan-ao-ngan-be-gai-hoa-tiet-hoa-6-canh-trang-nen-vang-linen-xuoc-aicdbglpqxw9-ain-closet-p174220552.html?spid=174220558,8,-26%,Đã bán 4,AIN_Closet
Bộ quần áo ngắn bé gái họa tiết Cherry Dâu hồng cotton dệt - AICDBGHGA0Y8 - AIN Closet,165.000,https://tiki.vn/bo-quan-ao-ngan-be-gai-hoa-tiet-cherry-dau-hong-cotton-det-aicdbghga0y8-ain-closet-p255109834.html?spid=255109848,9,,,AIN_Closet
,,https://tiki.vn/bo-quan-ao-dai-tay-ngan-be-gai-hoa-pansy-hong-xanh-cotton-aicdbg7ocaat-ain-closet-p272962330.html?spid=272962332,10,,,AIN_Closet
Bộ quần dài áo táy ngắn bé gái họa tiết Hoa hồng leo cotton - AICDBT9SKUB9 - AIN Closet,155.000₫,https://tiki.vn/bo-quan-dai-ao-tay-ngan-be-gai-hoa-tiet-hoa-hong-leo-cotton-aicdbt9skub9-ain-closet-p192960904.html?spid=192960929,11,-33%,,AIN_Closet
Bộ quần áo ngắn bé gái Vàng sát nách thun cotton - AICDBGTRXMO9 - AIN Closet,145.000,https://tiki.vn/bo-quan-ao-ngan-be-gai-vang-sat-nach-thun-cotton-aicdbgtrxmo9-ain-closet-p180298535.html?spid=180298548,12,,Đã bán 1,AIN_Closet
,,https://tiki.vn/dam-be-gai-hoa-tiet-cau-vong-xanh-cotton-aicdbgwkvhqb-ain-closet-p263965773.html?spid=263965779,13,,,AIN_Closet
Bộ quần áo dài bé gái Họa tiết Hoa lá xanh cotton - AICDBGMYYSDJ - AIN Closet,145.000₫,https://tiki.vn/bo-quan-ao-dai-be-gai-hoa-tiet-hoa-la-xanh-cotton-aicdbgmyysdj-ain-closet-p112168183.html?spid=112168187,14,-26%,,AIN_Closet
Bộ quần áo Ngắn bé gái họa tiết hoa Lưu Ly Hồng Vàng thun cotton - AICDBGDRKZIF - AIN Closet,145.000₫,https://tiki.vn/bo-quan-ao-ngan-be-gai-hoa-tiet-hoa-luu-ly-hong-vang-thun-cotton-aicdbgdrkzif-ain-closet-p272376387.html?spid=272376397,15,-26%,,AIN_Closet
Bộ quần dài áo tay lỡ họa tiết Bi nhiều màu nền hồng sen cotton - AICDBGYNWLQU - AIN Closet,145.000₫,https://tiki.vn/bo-quan-dai-ao-tay-lo-hoa-tiet-bi-nhieu-mau-nen-hong-sen-cotton-aicdbgynwlqu-ain-closet-p146557067.html?spid=146557069,16,-26%,Đã bán 20,AIN_Closet
Váy yếm bé gái Xanh chuối nhung tăm - AICDBGERISRY - AIN Closet,155.000,https://tiki.vn/vay-yem-be-gai-xanh-chuoi-nhung-tam-aicdbgerisry-ain-closet-p194821581.html?spid=194821585,17,,,AIN_Closet
,,https://tiki.vn/bo-quan-ao-lung-be-gai-hoa-tiet-vuon-hoa-vang-cotton-aicdbgwuto1v-ain-closet-p217740389.html?spid=217740391,18,,,AIN_Closet
Áo ngắn tay unisex cho bé Hồng Phấn thun cotton - AICDBGPVSGL2 - AIN Closet,55.000₫,https://tiki.vn/ao-ngan-tay-unisex-cho-be-hong-phan-thun-cotton-aicdbgpvsgl2-ain-closet-p212991072.html?spid=212991082,19,-48%,Đã bán 1,AIN_Closet
Bộ quần áo dài bé gái họa tiết Hoa thủy tiên vàng cotton hạt - AICDBGUJCKWJ - AIN Closet,155.000₫,https://tiki.vn/bo-quan-ao-dai-be-gai-hoa-tiet-hoa-thuy-tien-vang-cotton-hat-aicdbgujckwj-ain-closet-p142265864.html?spid=142265866,20,-23%,Đã bán 4,AIN_Closet
Bộ quần áo dài bé gái họa tiết Cổ Bèo Xanh nõn chuối thun cotton - AICDBGOZZUIO - AIN Closet,145.000₫,https://tiki.vn/bo-quan-ao-dai-be-gai-hoa-tiet-co-beo-xanh-non-chuoi-thun-cotton-aicdbgozzuio-ain-closet-p205173226.html?spid=205173234,21,-26%,,AIN_Closet
Bộ quần áo lửng bé gái Đỏ mận sát nách cotton dệt - AICDBGCIBHPH - AIN Closet,155.000₫,https://tiki.vn/bo-quan-ao-lung-be-gai-do-man-sat-nach-cotton-det-aicdbgcibhph-ain-closet-p165942495.html?spid=165942497,22,-30%,Đã bán 9,AIN_Closet
Bộ quần áo dài bé trai họa tiết Hello xanh thun cotton - AICDBTV25O99 - AIN Closet,145.000₫,https://tiki.vn/bo-quan-ao-dai-be-trai-hoa-tiet-hello-xanh-thun-cotton-aicdbtv25o99-ain-closet-p212990906.html?spid=212990912,23,-36%,Đã bán 2,AIN_Closet
Bộ quấn áo Ngắn bé trai Xanh Túi Trắng cotton - AICDBTU78PXZ - AIN Closet,155.000₫,https://tiki.vn/bo-quan-ao-ngan-be-trai-xanh-tui-trang-cotton-aicdbtu78pxz-ain-closet-p273355802.html?spid=273355814,24,-31%,,AIN_Closet
Bộ quần áo Ngắn bé gái họa tiết Dâu Đỏ cotton - AICDBG60DKGE - AIN Closet,155.000,https://tiki.vn/bo-quan-ao-ngan-be-gai-hoa-tiet-dau-do-cotton-aicdbg60dkge-ain-closet-p272732490.html?spid=272732494,25,,,AIN_Closet
,,https://tiki.vn/bo-quan-ao-lung-be-gai-hoa-tiet-hoa-chuong-hong-cotton-aicdbgqpcvya-ain-closet-p263333875.html?spid=263333887,26,,,AIN_Closet
Bộ quần áo dài bé gái Hồng cam thun tre - AICDBGSK4CM2 - AIN Closet,145.000₫,https://tiki.vn/bo-quan-ao-dai-be-gai-hong-cam-thun-tre-aicdbgsk4cm2-ain-closet-p94789140.html?spid=94789152,27,-29%,Đã bán 1,AIN_Closet
Bộ quần áo bà bà dài tay ngắn bé gái họa tiết Hoa tím lụa - AICDBG59ZRMW - AIN Closet,155.000₫,https://tiki.vn/bo-quan-ao-ba-ba-dai-tay-ngan-be-gai-hoa-tiet-hoa-tim-lua-aicdbg59zrmw-ain-closet-p196582336.html?spid=196582340,28,-24%,Đã bán 15,AIN_Closet
Bộ quần áo Ngắn bé gái họa tiết Hoa Xanh Hồng cotton - AICDBG7PIFLO - AIN Closet,155.000₫,https://tiki.vn/bo-quan-ao-ngan-be-gai-hoa-tiet-hoa-xanh-hong-cotton-aicdbg7piflo-ain-closet-p273428319.html?spid=273428321,29,-24%,,AIN_Closet
Bộ quần áo Bà ba Lửng unisex cho bé hoa văn Vân Gỗ Đỏ quần Đen gấm - AICDBTXSKKCX - AIN Closet,155.000,https://tiki.vn/bo-quan-ao-ba-ba-lung-unisex-cho-be-hoa-van-van-go-do-quan-den-gam-aicdbtxskkcx-ain-closet-p272077226.html?spid=272077233,30,,,AIN_Closet
,,https://tiki.vn/vay-yem-be-gai-do-tron-nhung-tam-aicdbgepaffx-ain-closet-p194821594.html?spid=194821596,31,,,AIN_Closet
Bộ quần áo Lửng bé gái họa tiết Caro Gấu Đào Hồng cotton - AICDBGVAUA1T - AIN Closet,155.000₫,https://tiki.vn/bo-quan-ao-lung-be-gai-hoa-tiet-caro-gau-dao-hong-cotton-aicdbgvaua1t-ain-closet-p271541834.html?spid=271541836,32,-26%,,AIN_Closet
Bộ quần áo ngắn bé gái họa tiết Lá ngũ sắc quần kem - AICDBGTOSXCF - AIN Closet,155.000₫,https://tiki.vn/bo-quan-ao-ngan-be-gai-hoa-tiet-la-ngu-sac-quan-kem-aicdbgtosxcf-ain-closet-p193770971.html?spid=193770978,33,-30%,Đã bán 4,AIN_Closet
Bộ quần áo dài bé gái họa tiết Dưa Đỏ xô sợi tre - AICDBGMKQ7GT - AIN Closet,155.000₫,https://tiki.vn/bo-quan-ao-dai-be-gai-hoa-tiet-dua-do-xo-soi-tre-aicdbgmkq7gt-ain-closet-p205974599.html?spid=205974606,34,-26%,,AIN_Closet
Bộ quần áo ngắn bé gái họa tiết hoa Bách Nhật vàng cotton - AICDBGXSZWAM - AIN Closet,145.000,https://tiki.vn/bo-quan-ao-ngan-be-gai-hoa-tiet-hoa-bach-nhat-vang-cotton-aicdbgxszwam-ain-closet-p242411033.html?spid=242411039,35,,,AIN_Closet
,,https://tiki.vn/bo-quan-ao-ngan-be-gai-hoa-tiet-gau-hanh-phuc-vang-cotton-aicdbgaud3zf-ain-closet-p273301165.html?spid=273301169,36,,,AIN_Closet
Bộ quần áo dài bé gái họa tiết Hoa mẫu đơn cam viền nơ đỏ xô sợi tre - AICDBGWEWOEQ - AIN Closet,155.000₫,https://tiki.vn/bo-quan-ao-dai-be-gai-hoa-tiet-hoa-mau-don-cam-vien-no-do-xo-soi-tre-aicdbgwewoeq-ain-closet-p174030358.html?spid=174030361,37,-26%,Đã bán 7,AIN_Closet
Bộ áo váy ngắn bé gái họa tiết Hoa Cam phấn đen cotton boi - AICDBG29ORI4 - AIN Closet,165.000₫,https://tiki.vn/bo-ao-vay-ngan-be-gai-hoa-tiet-hoa-cam-phan-den-cotton-boi-aicdbg29ori4-ain-closet-p208660690.html?spid=208660698,38,-28%,,AIN_Closet
Bộ quần áo Ngắn bé gái họa tiết Pancake Hồng cotton - AICDBGUVV5U9 - AIN Closet,155.000₫,https://tiki.vn/bo-quan-ao-ngan-be-gai-hoa-tiet-pancake-hong-cotton-aicdbguvv5u9-ain-closet-p273428291.html?spid=273428295,39,-24%,,AIN_Closet
Bộ quần dài áo tay ngắn bé gái họa tiết Cherry Gấu xô muslin - AICDBG6GEAYS - AIN Closet,120.000,https://tiki.vn/bo-quan-dai-ao-tay-ngan-be-gai-hoa-tiet-cherry-gau-xo-muslin-aicdbg6geays-ain-closet-p115246801.html?spid=115246809,40,,,AIN_Closet
