title,price,link_item,index,discount,sales,category
"Combo 5 Quần Lót Bầu Cạp Chéo Spring, chất cotton kháng khuẩn, có thể mặc sau sinh, thông hơi thoáng mát QL01",127.500₫,https://tiki.vn/combo-5-quan-lot-bau-cap-cheo-spring-chat-cotton-khang-khuan-co-the-mac-sau-sinh-thong-hoi-thoang-mat-ql01-p56461172.html?spid=57895432,1,-8%,Đã bán 4,chamsocme
SET 5 Quần lót PP/ COTTON MAMA dùng 1 lần tiện lợi cho mẹ đi sinh hoặc đi du lịch - Quần cotton (TC),150.000₫,https://tiki.vn/set-5-quan-lot-pp-cotton-mama-dung-1-lan-tien-loi-cho-me-di-sinh-hoac-di-du-lich-p272357094.html?spid=272357106,2,-28%,,chamsocme
"Áo lót ngực cho con bú, áo ngực cho bà bầu mã 01",110.000₫,https://tiki.vn/ao-lot-nguc-cho-con-bu-ao-nguc-cho-ba-bau-ma-01-p91105491.html?spid=91105506,3,-20%,Đã bán 10,chamsocme
Quần Lót Bầu Cạp Chéo Cotton Lụa Miley Nature Miley Lingerie PRB0900,71.000₫,https://tiki.vn/quan-lot-bau-cap-cheo-cotton-lua-miley-nature-miley-lingerie-prb0900-p109625962.html?spid=109625972,4,-15%,Đã bán 13,chamsocme
Máy Hút Sữa Điện Đôi Sanity AP-5316 - Tặng Kèm Máy Hâm Sữa Sanity,2.300.000₫,https://tiki.vn/may-hut-sua-dien-doi-sanity-ap-5316-tang-kem-may-ham-sua-sanity-p16253560.html?spid=28119571,5,-20%,,chamsocme
Trọn bộ Máy hút sữa điện đơn Biohealth kèm Bộ 3 bình trữ sữa 2 trong 1 Premia,850.000₫,https://tiki.vn/tron-bo-may-hut-sua-dien-don-biohealth-kem-bo-3-binh-tru-sua-2-trong-1-premia-p26658759.html?spid=46652872,6,-36%,,chamsocme
Máy hút sữa điện tử hai bình BioHealth IE Basic Tặng kèm áo hút sữa rãnh tay+2 van chân không dự phòng,2.200.000₫,https://tiki.vn/may-hut-sua-dien-tu-hai-binh-biohealth-ie-basic-tang-kem-ao-hut-sua-ranh-tay-p10753056.html?spid=32402256,7,-12%,Đã bán 1,chamsocme
"Bộ trắng da, sạch nám cao cấp Wonmom ( Sữa rửa mặt+ Scrub nghệ+ Kem nghệ tươi+ Serum vitamin C+ Mặt nạ nghệ+ Xông mặt )",1.211.200₫,https://tiki.vn/bo-trang-da-sach-nam-cao-cap-wonmom-sua-rua-mat-scrub-nghe-kem-nghe-tuoi-serum-vitamin-c-mat-na-nghe-xong-mat-p221251707.html?spid=221251708,8,-5%,Đã bán 1,chamsocme
Combo 2 hộp thảo mộc xông tắm sau sinh Wonmom 150Gr ( Loại mới: 6 Túi/Hộp ),323.000₫,https://tiki.vn/combo-2-hop-thao-moc-xong-tam-sau-sinh-wonmom-150gr-loai-moi-6-tui-hop-p221251861.html?spid=221251863,9,-5%,Đã bán 2,chamsocme
"Đai nịt bụng hỗ trợ giảm mỡ,định hình vòng eo",32.000₫,https://tiki.vn/dai-nit-bung-giam-mo-dinh-hinh-vong-eo-p44712541.html?spid=77986021,10,-32%,,chamsocme
Set 4 Quần Lót Bầu Cotton Cao Cấp QLB01,101.000₫,https://tiki.vn/set-4-quan-lot-bau-cotton-cao-cap-qlb01-p20878893.html?spid=77980844,11,-41%,,chamsocme
Bộ chăm sóc sắc đẹp toàn diện Wonmom (kem nghệ tươi+ kem sữa nghệ+ sữa tắm+ dầu gội + DDVSPN ),944.000₫,https://tiki.vn/bo-cham-soc-sac-dep-toan-dien-wonmom-kem-nghe-tuoi-kem-sua-nghe-sua-tam-dau-goi-ddvspn-p221251721.html?spid=221251723,12,,,chamsocme
Quần Lót Giấy 1 gói 5 chiếc (MSP: Đáy Cotton - 2lớp đấy),11.017₫,https://tiki.vn/quan-lot-giay-1-goi-5-chiec-msp-day-cotton-2lop-day-p273479878.html?spid=273479880,13,,,chamsocme
Đai nịt bụng Giảm mỡ-Đai nịt bụng cho phụ nữ sau sinh,88.000₫,https://tiki.vn/dai-nit-bung-giam-mo-dai-nit-bung-cho-phu-nu-sau-sinh-p83669824.html?spid=83669825,14,,Đã bán 2,chamsocme
ÁO NGỰC CHO BÉ BÚ NÚT BẤM TIỆN LỢI,37.800₫,https://tiki.vn/ao-nguc-cho-be-bu-nut-bam-tien-loi-p161003721.html?spid=161003731,15,,Đã bán 3,chamsocme
"Đai Bảo Vệ Khớp Cổ Chân, Khớp Đầu Gối Cho Mẹ Bầu Và Sau Sinh - Thương Hiệu Mothersbaby Hàn Quốc",490.000₫,https://tiki.vn/dai-bao-ve-khop-co-chan-khop-dau-goi-cho-me-bau-va-sau-sinh-thuong-hieu-mothersbaby-han-quoc-p270848761.html?spid=270848769,16,,,chamsocme
"Quần Lót Bầu Và Sau Sinh Tencel Kẻ Cạp V, Nhẹ, Thoáng, Mát - Thương Hiệu Mothersbaby Hàn Quốc",240.000₫,https://tiki.vn/quan-lot-bau-va-sau-sinh-tencel-ke-cap-v-nhe-thoang-mat-thuong-hieu-mothersbaby-han-quoc-p270847841.html?spid=270847849,17,,,chamsocme
Quần mặc trong váy cho bà bầu chất cotton mềm mịn Haint Boutique HB05,94.050₫,https://tiki.vn/quan-mac-trong-vay-cho-ba-bau-chat-cotton-mem-min-haint-boutique-hb05-p172488715.html?spid=172488731,18,,Đã bán 5,chamsocme
Đai đỡ bụng bà bầu phụ kiện đầy đủ từ 3 đến 9 tháng,123.500₫,https://tiki.vn/dai-do-bung-ba-bau-phu-kien-day-du-tu-3-den-9-thang-p21711329.html?spid=36074317,19,,Đã bán 2,chamsocme
[ 781-Nuby ] Bộ dụng cụ hút mũi cho bé,65.000₫,https://tiki.vn/781-nuby-bo-dung-cu-hut-mui-cho-be-p273958167.html?spid=273958168,20,,,chamsocme
"Lều Xông Hơi Tự Bung Sau Sinh Cao Cấp - Loại 1, Hàng Chuẩn Đẹp Bảo Hành 18 tháng (màu ngẫu nhiên)",161.000₫,https://tiki.vn/leu-xong-hoi-tu-bung-sau-sinh-cao-cap-loai-1-hang-chuan-dep-bao-hanh-18-thang-mau-ngau-nhien-p123353364.html?spid=253469702,21,,,chamsocme
Áo ngực bầu và cho bé bú thông hơi chất đẹp,34.000₫,https://tiki.vn/ao-nguc-bau-va-cho-be-bu-thong-hoi-chat-dep-p73936030.html?spid=92552809,22,,Đã bán 7,chamsocme
Combo 3 Áo lót cho con bú thông hơi Thái mở cúc ngang,96.000₫,https://tiki.vn/combo-3-ao-lot-cho-con-bu-thong-hoi-thai-mo-cuc-ngang-p106757721.html?spid=186229366,23,,,chamsocme
Cốc hứng sữa silicone Gen.2 100/150ml kèm Nắp đậy Haakaa,515.000₫,https://tiki.vn/combo-coc-hung-sua-silicone-gen-2-100-150ml-va-nap-day-haakaa-p170391073.html?spid=170391075,24,,Đã bán 1,chamsocme
Quần mặc trong váy bầu VB221 Chất Liệu Cotton Thun Co giãn Thấm Hút Mồ Hôi,55.000₫,https://tiki.vn/quan-mac-trong-vay-bau-vb221-chat-lieu-cotton-thun-co-gian-tham-hut-mo-hoi-p97979225.html?spid=97979229,25,,Đã bán 11,chamsocme
Quần lót cạp cao kháng khuẩn cho mẹ (màu da),23.000₫,https://tiki.vn/quan-lot-cap-cao-khang-khuan-cho-me-mau-da-p43768981.html?spid=249767150,26,,,chamsocme
Đai nâng đỡ bụng cho bà bầu KQ-001,174.000₫,https://tiki.vn/dai-nang-do-bung-cho-ba-bau-kq-001-p6643039.html?spid=23265694,27,,Đã bán 87,chamsocme
"Quần lót bầu cotton cạp chéo imom care, kháng khuẩn, khử mùi, thông hơi cực tốt - QLB2",50.000₫,https://tiki.vn/quan-lot-bau-cotton-cap-cheo-imom-care-khang-khuan-khu-mui-thong-hoi-cuc-tot-qlb2-p216435872.html?spid=216435903,28,,,chamsocme
Combo 4 quần lót bầu su thông hơi - Giao màu ngẫu nhiên,93.000₫,https://tiki.vn/combo-4-quan-lot-bau-su-thong-hoi-giao-mau-ngau-nhien-p56092876.html?spid=113275380,29,,,chamsocme
CHẬU XÔNG VÙNG KÍN,120.000₫,https://tiki.vn/chau-xong-vung-kin-p125659675.html?spid=144122150,30,,Đã bán 3,chamsocme
MÁY HÚT SỮA ĐIỆN ĐÔI RESONANCE 5 FATZBABY FB1180VNH,1.179.000₫,https://tiki.vn/may-hut-sua-dien-doi-resonance-5-fatzbaby-fb1180vnh-p102076556.html?spid=102076558,31,,,chamsocme
Bộ tắm gội thơm tho cửa mình Wonmom ( 1 Dầu gội cốt bồ kết + 1 Dung dịch vệ sinh ),240.000₫,https://tiki.vn/bo-tam-goi-thom-tho-cua-minh-wonmom-1-dau-goi-cot-bo-ket-1-dung-dich-ve-sinh-p221251801.html?spid=257842838,32,,,chamsocme
Combo máy hút sữa spectra M1 và Handsfree Cup Spectra,2.000.000₫,https://tiki.vn/combo-may-hut-sua-spectra-m1-va-handsfree-cup-spectra-p19853381.html?spid=19853385,33,,,chamsocme
Bộ gừng nghệ ở cữ và 5 túi xông Wonmom,565.000₫,https://tiki.vn/bo-gung-nghe-o-cu-va-5-tui-xong-wonmom-p8490467.html?spid=139956734,34,,Đã bán 2,chamsocme
"Combo 2 Muối Thảo Mộc Ngâm Chân Giảm Đau Nhức, Phù Nề Wonmom",116.000₫,https://tiki.vn/combo-2-muoi-thao-moc-ngam-chan-giam-dau-nhuc-phu-ne-wonmom-p108918403.html?spid=108918560,35,,Đã bán 79,chamsocme
Gel gừng toàn thân Wonmom,289.000₫,https://tiki.vn/gel-gung-toan-than-wonmom-p2791813.html?spid=71081886,36,,,chamsocme
"Cốt Gừng Hạ Thổ Tan Mỡ Bụng, Giữ Ấm Toàn Thân Cho Mẹ Sau Sinh Wonmom Chai 200Ml",165.000₫,https://tiki.vn/cot-gung-ha-tho-tan-mo-bung-giu-am-toan-than-cho-me-sau-sinh-wonmom-chai-200ml-p116414068.html?spid=139716259,37,,Đã bán 4,chamsocme
Combo 100 túi trữ sữa mẹ Sunmum 250ml (2 hộp) + tặng 2 lót thấm sữa sunmum,169.000₫,https://tiki.vn/combo-100-tui-tru-sua-me-sunmum-250ml-2-hop-tang-2-lot-tham-sua-sunmum-p109185580.html?spid=139497815,38,,Đã bán 12,chamsocme
"Mặt Nạ Nghệ Hữu Cơ Se Khít Chân Lông, Mờ Thâm, Liền Sẹo, Sáng Da Wonmom 50g",225.000₫,https://tiki.vn/mat-na-nghe-huu-co-se-khit-chan-long-mo-tham-lien-seo-sang-da-wonmom-50g-p221251773.html?spid=260640643,39,,,chamsocme
"Kem cấp ẩm, dưỡng trắng da và ngăn ngừa mụn Wonmom 50g",175.000₫,https://tiki.vn/kem-cap-am-duong-trang-da-va-ngan-ngua-mun-wonmom-50g-p221251717.html?spid=260640554,40,,,chamsocme
